Unbearbeiteter Daten-Export (tab separat)


Klient:	Sebastian,Heckner
Sitzung:	30.04.one_hand_2 
Datum:	2021-04-30
Zeit:	10:08:33
Dauer:	85	Sekunden.
Abtastrate:	32	Samples/sek.

Beispiele	32 SPS	
Zeit	Sensor-C:EDA (Hautleitwert)	


0	9.511
1	2.756
2	2.755
3	2.755
4	2.755
5	2.754
6	2.754
7	2.753
8	2.753
9	2.752
10	2.752
11	2.751
12	2.751
13	2.750
14	2.750
15	2.749
16	2.749
17	2.748
18	2.748
19	2.747
20	2.747
21	2.746
22	2.746
23	2.745
24	2.745
25	2.744
26	2.744
27	2.743
28	2.743
29	2.742
30	2.742
31	2.741
32	2.741
33	2.740
34	2.740
35	2.739
36	2.739
37	2.738
38	2.738
39	2.737
40	2.736
41	2.736
42	2.735
43	2.735
44	2.734
45	2.734
46	2.733
47	2.733
48	2.732
49	2.732
50	2.731
51	2.731
52	2.730
53	2.730
54	2.729
55	2.729
56	2.729
57	2.728
58	2.728
59	2.727
60	2.727
61	2.726
62	2.726
63	2.726
64	2.725
65	2.725
66	2.724
67	2.724
68	2.724
69	2.723
70	2.723
71	2.722
72	2.722
73	2.722
74	2.721
75	2.721
76	2.721
77	2.720
78	2.720
79	2.720
80	2.720
81	2.719
82	2.670
83	2.670
84	2.670
85	2.670
86	2.670
87	2.670
88	2.670
89	2.670
90	2.670
91	2.671
92	2.671
93	2.671
94	2.671
95	2.671
96	2.672
97	2.672
98	2.672
99	2.672
100	2.672
101	2.672
102	2.673
103	2.673
104	2.673
105	2.673
106	2.674
107	2.674
108	2.674
109	2.674
110	2.675
111	2.675
112	2.675
113	2.675
114	2.676
115	2.676
116	2.677
117	2.677
118	2.677
119	2.678
120	2.678
121	2.678
122	2.679
123	2.679
124	2.679
125	2.680
126	2.680
127	2.680
128	2.681
129	2.681
130	2.681
131	2.682
132	2.682
133	2.683
134	2.683
135	2.683
136	2.684
137	2.684
138	2.684
139	2.685
140	2.685
141	2.686
142	2.686
143	2.686
144	2.687
145	2.687
146	2.687
147	2.688
148	2.688
149	2.688
150	2.689
151	2.689
152	2.689
153	2.690
154	2.690
155	2.690
156	2.690
157	2.691
158	2.691
159	2.691
160	2.692
161	2.692
162	2.692
163	2.692
164	2.692
165	2.692
166	2.692
167	2.692
168	2.692
169	2.692
170	2.692
171	2.692
172	2.692
173	2.692
174	2.692
175	2.692
176	2.691
177	2.691
178	2.691
179	2.691
180	2.690
181	2.690
182	2.690
183	2.689
184	2.689
185	2.688
186	2.687
187	2.686
188	2.686
189	2.685
190	2.684
191	2.684
192	2.683
193	2.682
194	2.681
195	2.681
196	2.680
197	2.679
198	2.679
199	2.678
200	2.677
201	2.677
202	2.676
203	2.675
204	2.675
205	2.674
206	2.673
207	2.673
208	2.672
209	2.671
210	2.670
211	2.668
212	2.667
213	2.666
214	2.664
215	2.663
216	2.661
217	2.660
218	2.658
219	2.657
220	2.656
221	2.654
222	2.652
223	2.651
224	2.650
225	2.648
226	2.647
227	2.645
228	2.644
229	2.643
230	2.642
231	2.640
232	2.639
233	2.638
234	2.637
235	2.636
236	2.635
237	2.634
238	2.632
239	2.631
240	2.630
241	2.629
242	2.628
243	2.627
244	2.626
245	2.625
246	2.624
247	2.623
248	2.622
249	2.622
250	2.621
251	2.620
252	2.619
253	2.618
254	2.617
255	2.617
256	2.616
257	2.615
258	2.614
259	2.613
260	2.612
261	2.612
262	2.611
263	2.610
264	2.609
265	2.609
266	2.608
267	2.607
268	2.607
269	2.606
270	2.605
271	2.604
272	2.604
273	2.603
274	2.602
275	2.602
276	2.601
277	2.600
278	2.600
279	2.599
280	2.598
281	2.598
282	2.597
283	2.597
284	2.596
285	2.595
286	2.595
287	2.594
288	2.593
289	2.593
290	2.592
291	2.591
292	2.591
293	2.590
294	2.590
295	2.589
296	2.588
297	2.588
298	2.587
299	2.587
300	2.586
301	2.586
302	2.585
303	2.584
304	2.584
305	2.583
306	2.583
307	2.582
308	2.582
309	2.581
310	2.581
311	2.580
312	2.580
313	2.579
314	2.578
315	2.578
316	2.577
317	2.577
318	2.576
319	2.576
320	2.575
321	2.575
322	2.574
323	2.574
324	2.573
325	2.573
326	2.572
327	2.572
328	2.571
329	2.571
330	2.570
331	2.569
332	2.569
333	2.569
334	2.568
335	2.567
336	2.567
337	2.567
338	2.566
339	2.566
340	2.565
341	2.565
342	2.564
343	2.564
344	2.563
345	2.563
346	2.562
347	2.562
348	2.561
349	2.561
350	2.560
351	2.560
352	2.560
353	2.559
354	2.559
355	2.558
356	2.558
357	2.557
358	2.557
359	2.557
360	2.556
361	2.556
362	2.555
363	2.555
364	2.555
365	2.554
366	2.554
367	2.554
368	2.553
369	2.553
370	2.552
371	2.552
372	2.551
373	2.551
374	2.551
375	2.550
376	2.550
377	2.550
378	2.549
379	2.549
380	2.548
381	2.548
382	2.547
383	2.547
384	2.547
385	2.546
386	2.546
387	2.546
388	2.545
389	2.545
390	2.544
391	2.544
392	2.544
393	2.543
394	2.543
395	2.542
396	2.542
397	2.542
398	2.541
399	2.541
400	2.540
401	2.540
402	2.540
403	2.539
404	2.539
405	2.538
406	2.538
407	2.538
408	2.537
409	2.537
410	2.536
411	2.536
412	2.536
413	2.536
414	2.535
415	2.535
416	2.535
417	2.534
418	2.534
419	2.534
420	2.534
421	2.534
422	2.534
423	2.534
424	2.534
425	2.534
426	2.534
427	2.534
428	2.534
429	2.535
430	2.535
431	2.536
432	2.536
433	2.537
434	2.538
435	2.539
436	2.540
437	2.541
438	2.543
439	2.545
440	2.547
441	2.550
442	2.552
443	2.555
444	2.558
445	2.561
446	2.564
447	2.568
448	2.571
449	2.575
450	2.578
451	2.582
452	2.586
453	2.590
454	2.593
455	2.597
456	2.601
457	2.605
458	2.609
459	2.613
460	2.617
461	2.621
462	2.624
463	2.628
464	2.632
465	2.636
466	2.639
467	2.643
468	2.647
469	2.650
470	2.654
471	2.657
472	2.661
473	2.664
474	2.667
475	2.670
476	2.673
477	2.676
478	2.679
479	2.682
480	2.685
481	2.688
482	2.690
483	2.693
484	2.696
485	2.698
486	2.700
487	2.703
488	2.705
489	2.707
490	2.709
491	2.712
492	2.714
493	2.716
494	2.718
495	2.720
496	2.721
497	2.723
498	2.725
499	2.727
500	2.728
501	2.730
502	2.731
503	2.733
504	2.734
505	2.735
506	2.737
507	2.738
508	2.739
509	2.740
510	2.741
511	2.742
512	2.743
513	2.744
514	2.745
515	2.746
516	2.746
517	2.747
518	2.748
519	2.748
520	2.749
521	2.749
522	2.750
523	2.750
524	2.751
525	2.751
526	2.752
527	2.752
528	2.752
529	2.752
530	2.753
531	2.753
532	2.753
533	2.753
534	2.753
535	2.753
536	2.753
537	2.753
538	2.753
539	2.752
540	2.752
541	2.752
542	2.752
543	2.752
544	2.751
545	2.751
546	2.751
547	2.751
548	2.750
549	2.750
550	2.750
551	2.749
552	2.749
553	2.749
554	2.748
555	2.748
556	2.748
557	2.747
558	2.747
559	2.746
560	2.746
561	2.745
562	2.745
563	2.745
564	2.744
565	2.744
566	2.743
567	2.743
568	2.742
569	2.742
570	2.741
571	2.741
572	2.741
573	2.740
574	2.740
575	2.740
576	2.739
577	2.739
578	2.739
579	2.738
580	2.738
581	2.738
582	2.737
583	2.737
584	2.737
585	2.736
586	2.736
587	2.735
588	2.735
589	2.735
590	2.735
591	2.734
592	2.734
593	2.733
594	2.733
595	2.733
596	2.733
597	2.732
598	2.732
599	2.731
600	2.731
601	2.731
602	2.730
603	2.730
604	2.729
605	2.729
606	2.729
607	2.728
608	2.728
609	2.728
610	2.727
611	2.727
612	2.727
613	2.726
614	2.726
615	2.726
616	2.725
617	2.725
618	2.725
619	2.724
620	2.724
621	2.723
622	2.723
623	2.723
624	2.722
625	2.722
626	2.721
627	2.721
628	2.721
629	2.720
630	2.720
631	2.719
632	2.719
633	2.719
634	2.718
635	2.718
636	2.717
637	2.717
638	2.717
639	2.716
640	2.716
641	2.715
642	2.715
643	2.715
644	2.714
645	2.714
646	2.714
647	2.713
648	2.713
649	2.713
650	2.712
651	2.712
652	2.711
653	2.711
654	2.711
655	2.710
656	2.710
657	2.710
658	2.709
659	2.709
660	2.708
661	2.708
662	2.707
663	2.707
664	2.707
665	2.706
666	2.706
667	2.706
668	2.705
669	2.705
670	2.705
671	2.704
672	2.704
673	2.704
674	2.703
675	2.703
676	2.703
677	2.702
678	2.702
679	2.702
680	2.701
681	2.701
682	2.701
683	2.700
684	2.700
685	2.700
686	2.699
687	2.699
688	2.699
689	2.698
690	2.698
691	2.698
692	2.697
693	2.697
694	2.696
695	2.696
696	2.696
697	2.695
698	2.695
699	2.695
700	2.694
701	2.694
702	2.694
703	2.693
704	2.693
705	2.692
706	2.692
707	2.692
708	2.691
709	2.691
710	2.690
711	2.690
712	2.689
713	2.689
714	2.689
715	2.688
716	2.688
717	2.687
718	2.687
719	2.686
720	2.685
721	2.685
722	2.684
723	2.684
724	2.683
725	2.683
726	2.682
727	2.682
728	2.681
729	2.680
730	2.680
731	2.679
732	2.678
733	2.678
734	2.677
735	2.676
736	2.676
737	2.675
738	2.674
739	2.674
740	2.673
741	2.672
742	2.672
743	2.671
744	2.670
745	2.670
746	2.669
747	2.668
748	2.668
749	2.667
750	2.666
751	2.665
752	2.665
753	2.664
754	2.663
755	2.662
756	2.661
757	2.660
758	2.659
759	2.658
760	2.657
761	2.656
762	2.655
763	2.654
764	2.653
765	2.652
766	2.651
767	2.650
768	2.649
769	2.648
770	2.647
771	2.647
772	2.646
773	2.645
774	2.644
775	2.643
776	2.642
777	2.641
778	2.640
779	2.639
780	2.639
781	2.638
782	2.637
783	2.637
784	2.636
785	2.635
786	2.635
787	2.634
788	2.633
789	2.633
790	2.632
791	2.631
792	2.631
793	2.630
794	2.630
795	2.629
796	2.628
797	2.628
798	2.627
799	2.627
800	2.626
801	2.625
802	2.625
803	2.624
804	2.624
805	2.623
806	2.623
807	2.622
808	2.622
809	2.621
810	2.621
811	2.620
812	2.620
813	2.619
814	2.619
815	2.618
816	2.617
817	2.617
818	2.616
819	2.616
820	2.615
821	2.615
822	2.614
823	2.614
824	2.613
825	2.613
826	2.612
827	2.612
828	2.611
829	2.611
830	2.610
831	2.610
832	2.609
833	2.608
834	2.608
835	2.607
836	2.607
837	2.607
838	2.606
839	2.605
840	2.605
841	2.604
842	2.604
843	2.603
844	2.603
845	2.603
846	2.602
847	2.602
848	2.601
849	2.601
850	2.600
851	2.600
852	2.599
853	2.599
854	2.598
855	2.598
856	2.597
857	2.597
858	2.597
859	2.596
860	2.596
861	2.595
862	2.595
863	2.594
864	2.594
865	2.593
866	2.593
867	2.593
868	2.592
869	2.592
870	2.591
871	2.591
872	2.590
873	2.590
874	2.589
875	2.589
876	2.589
877	2.588
878	2.588
879	2.587
880	2.587
881	2.586
882	2.586
883	2.586
884	2.585
885	2.585
886	2.584
887	2.584
888	2.583
889	2.583
890	2.583
891	2.582
892	2.582
893	2.581
894	2.581
895	2.580
896	2.580
897	2.580
898	2.579
899	2.579
900	2.579
901	2.578
902	2.578
903	2.578
904	2.577
905	2.577
906	2.577
907	2.577
908	2.577
909	2.576
910	2.576
911	2.576
912	2.576
913	2.576
914	2.576
915	2.576
916	2.576
917	2.576
918	2.576
919	2.576
920	2.576
921	2.576
922	2.576
923	2.576
924	2.576
925	2.576
926	2.576
927	2.576
928	2.577
929	2.577
930	2.577
931	2.577
932	2.578
933	2.578
934	2.578
935	2.579
936	2.579
937	2.579
938	2.580
939	2.580
940	2.580
941	2.581
942	2.581
943	2.581
944	2.582
945	2.582
946	2.582
947	2.583
948	2.583
949	2.583
950	2.584
951	2.584
952	2.584
953	2.585
954	2.585
955	2.585
956	2.586
957	2.586
958	2.586
959	2.586
960	2.587
961	2.587
962	2.587
963	2.588
964	2.588
965	2.588
966	2.588
967	2.589
968	2.589
969	2.589
970	2.589
971	2.589
972	2.590
973	2.590
974	2.590
975	2.590
976	2.590
977	2.590
978	2.590
979	2.590
980	2.590
981	2.590
982	2.591
983	2.591
984	2.591
985	2.591
986	2.591
987	2.591
988	2.591
989	2.591
990	2.591
991	2.591
992	2.591
993	2.591
994	2.591
995	2.591
996	2.591
997	2.591
998	2.591
999	2.591
1000	2.591
1001	2.591
1002	2.591
1003	2.591
1004	2.591
1005	2.591
1006	2.591
1007	2.591
1008	2.591
1009	2.590
1010	2.590
1011	2.590
1012	2.590
1013	2.590
1014	2.590
1015	2.590
1016	2.590
1017	2.590
1018	2.590
1019	2.590
1020	2.590
1021	2.590
1022	2.590
1023	2.589
1024	2.589
1025	2.589
1026	2.589
1027	2.589
1028	2.589
1029	2.589
1030	2.589
1031	2.589
1032	2.588
1033	2.588
1034	2.588
1035	2.588
1036	2.588
1037	2.588
1038	2.588
1039	2.587
1040	2.587
1041	2.587
1042	2.587
1043	2.587
1044	2.586
1045	2.586
1046	2.586
1047	2.586
1048	2.586
1049	2.585
1050	2.585
1051	2.585
1052	2.585
1053	2.585
1054	2.584
1055	2.584
1056	2.584
1057	2.584
1058	2.584
1059	2.583
1060	2.583
1061	2.583
1062	2.582
1063	2.582
1064	2.582
1065	2.582
1066	2.581
1067	2.581
1068	2.581
1069	2.581
1070	2.580
1071	2.580
1072	2.580
1073	2.580
1074	2.580
1075	2.580
1076	2.580
1077	2.579
1078	2.579
1079	2.579
1080	2.579
1081	2.579
1082	2.579
1083	2.580
1084	2.580
1085	2.580
1086	2.580
1087	2.580
1088	2.581
1089	2.581
1090	2.581
1091	2.582
1092	2.582
1093	2.582
1094	2.583
1095	2.584
1096	2.584
1097	2.585
1098	2.585
1099	2.586
1100	2.587
1101	2.587
1102	2.588
1103	2.589
1104	2.589
1105	2.590
1106	2.591
1107	2.592
1108	2.592
1109	2.593
1110	2.594
1111	2.595
1112	2.595
1113	2.596
1114	2.597
1115	2.598
1116	2.599
1117	2.599
1118	2.600
1119	2.601
1120	2.602
1121	2.603
1122	2.603
1123	2.604
1124	2.605
1125	2.606
1126	2.606
1127	2.607
1128	2.608
1129	2.608
1130	2.609
1131	2.610
1132	2.610
1133	2.611
1134	2.612
1135	2.612
1136	2.613
1137	2.613
1138	2.614
1139	2.614
1140	2.615
1141	2.616
1142	2.616
1143	2.617
1144	2.617
1145	2.617
1146	2.618
1147	2.618
1148	2.619
1149	2.619
1150	2.620
1151	2.620
1152	2.620
1153	2.620
1154	2.621
1155	2.621
1156	2.621
1157	2.622
1158	2.622
1159	2.622
1160	2.622
1161	2.623
1162	2.623
1163	2.623
1164	2.623
1165	2.623
1166	2.623
1167	2.623
1168	2.623
1169	2.623
1170	2.623
1171	2.624
1172	2.623
1173	2.623
1174	2.623
1175	2.623
1176	2.623
1177	2.623
1178	2.623
1179	2.623
1180	2.623
1181	2.623
1182	2.623
1183	2.623
1184	2.622
1185	2.622
1186	2.622
1187	2.622
1188	2.622
1189	2.621
1190	2.621
1191	2.621
1192	2.621
1193	2.620
1194	2.620
1195	2.620
1196	2.620
1197	2.619
1198	2.619
1199	2.619
1200	2.619
1201	2.618
1202	2.618
1203	2.618
1204	2.618
1205	2.618
1206	2.618
1207	2.617
1208	2.617
1209	2.617
1210	2.617
1211	2.617
1212	2.617
1213	2.617
1214	2.617
1215	2.617
1216	2.617
1217	2.617
1218	2.617
1219	2.617
1220	2.617
1221	2.617
1222	2.617
1223	2.617
1224	2.617
1225	2.617
1226	2.618
1227	2.618
1228	2.618
1229	2.618
1230	2.618
1231	2.619
1232	2.619
1233	2.619
1234	2.619
1235	2.619
1236	2.620
1237	2.620
1238	2.620
1239	2.620
1240	2.621
1241	2.621
1242	2.621
1243	2.621
1244	2.622
1245	2.622
1246	2.622
1247	2.622
1248	2.622
1249	2.623
1250	2.623
1251	2.623
1252	2.623
1253	2.623
1254	2.623
1255	2.623
1256	2.623
1257	2.623
1258	2.624
1259	2.624
1260	2.624
1261	2.624
1262	2.624
1263	2.624
1264	2.624
1265	2.624
1266	2.624
1267	2.624
1268	2.624
1269	2.624
1270	2.624
1271	2.624
1272	2.624
1273	2.623
1274	2.623
1275	2.623
1276	2.623
1277	2.623
1278	2.623
1279	2.623
1280	2.622
1281	2.622
1282	2.622
1283	2.622
1284	2.621
1285	2.621
1286	2.621
1287	2.621
1288	2.620
1289	2.620
1290	2.620
1291	2.620
1292	2.619
1293	2.619
1294	2.619
1295	2.618
1296	2.618
1297	2.618
1298	2.617
1299	2.617
1300	2.617
1301	2.616
1302	2.616
1303	2.615
1304	2.615
1305	2.615
1306	2.614
1307	2.614
1308	2.613
1309	2.613
1310	2.612
1311	2.612
1312	2.611
1313	2.611
1314	2.610
1315	2.610
1316	2.609
1317	2.609
1318	2.609
1319	2.608
1320	2.608
1321	2.607
1322	2.607
1323	2.606
1324	2.606
1325	2.605
1326	2.605
1327	2.604
1328	2.604
1329	2.603
1330	2.602
1331	2.602
1332	2.602
1333	2.601
1334	2.600
1335	2.600
1336	2.599
1337	2.599
1338	2.598
1339	2.598
1340	2.597
1341	2.597
1342	2.596
1343	2.596
1344	2.595
1345	2.595
1346	2.594
1347	2.594
1348	2.593
1349	2.593
1350	2.592
1351	2.592
1352	2.591
1353	2.591
1354	2.590
1355	2.590
1356	2.589
1357	2.589
1358	2.588
1359	2.588
1360	2.587
1361	2.587
1362	2.586
1363	2.586
1364	2.585
1365	2.585
1366	2.584
1367	2.584
1368	2.583
1369	2.583
1370	2.582
1371	2.582
1372	2.581
1373	2.581
1374	2.581
1375	2.580
1376	2.580
1377	2.579
1378	2.579
1379	2.578
1380	2.578
1381	2.577
1382	2.577
1383	2.576
1384	2.576
1385	2.576
1386	2.575
1387	2.575
1388	2.574
1389	2.574
1390	2.573
1391	2.573
1392	2.572
1393	2.572
1394	2.572
1395	2.571
1396	2.571
1397	2.570
1398	2.570
1399	2.570
1400	2.569
1401	2.569
1402	2.568
1403	2.568
1404	2.567
1405	2.566
1406	2.566
1407	2.566
1408	2.565
1409	2.564
1410	2.564
1411	2.563
1412	2.563
1413	2.562
1414	2.562
1415	2.561
1416	2.561
1417	2.561
1418	2.560
1419	2.560
1420	2.559
1421	2.559
1422	2.559
1423	2.558
1424	2.558
1425	2.558
1426	2.557
1427	2.557
1428	2.557
1429	2.556
1430	2.556
1431	2.556
1432	2.555
1433	2.555
1434	2.555
1435	2.554
1436	2.554
1437	2.554
1438	2.553
1439	2.553
1440	2.553
1441	2.552
1442	2.552
1443	2.552
1444	2.551
1445	2.551
1446	2.551
1447	2.550
1448	2.550
1449	2.550
1450	2.549
1451	2.549
1452	2.549
1453	2.548
1454	2.548
1455	2.547
1456	2.547
1457	2.547
1458	2.546
1459	2.546
1460	2.546
1461	2.545
1462	2.545
1463	2.545
1464	2.544
1465	2.544
1466	2.543
1467	2.543
1468	2.543
1469	2.542
1470	2.542
1471	2.542
1472	2.541
1473	2.541
1474	2.541
1475	2.540
1476	2.540
1477	2.539
1478	2.539
1479	2.539
1480	2.538
1481	2.538
1482	2.537
1483	2.537
1484	2.537
1485	2.536
1486	2.536
1487	2.535
1488	2.535
1489	2.535
1490	2.534
1491	2.534
1492	2.534
1493	2.533
1494	2.533
1495	2.532
1496	2.532
1497	2.532
1498	2.531
1499	2.531
1500	2.531
1501	2.530
1502	2.530
1503	2.530
1504	2.529
1505	2.529
1506	2.529
1507	2.528
1508	2.528
1509	2.528
1510	2.527
1511	2.527
1512	2.527
1513	2.526
1514	2.526
1515	2.526
1516	2.525
1517	2.525
1518	2.525
1519	2.525
1520	2.524
1521	2.524
1522	2.524
1523	2.523
1524	2.523
1525	2.523
1526	2.523
1527	2.522
1528	2.522
1529	2.522
1530	2.521
1531	2.521
1532	2.521
1533	2.521
1534	2.520
1535	2.520
1536	2.520
1537	2.520
1538	2.519
1539	2.519
1540	2.519
1541	2.518
1542	2.518
1543	2.518
1544	2.517
1545	2.517
1546	2.517
1547	2.517
1548	2.516
1549	2.516
1550	2.516
1551	2.516
1552	2.515
1553	2.515
1554	2.515
1555	2.514
1556	2.514
1557	2.514
1558	2.513
1559	2.513
1560	2.513
1561	2.512
1562	2.512
1563	2.512
1564	2.512
1565	2.511
1566	2.511
1567	2.510
1568	2.510
1569	2.510
1570	2.510
1571	2.509
1572	2.509
1573	2.509
1574	2.508
1575	2.508
1576	2.508
1577	2.507
1578	2.507
1579	2.507
1580	2.507
1581	2.506
1582	2.506
1583	2.505
1584	2.505
1585	2.505
1586	2.504
1587	2.504
1588	2.504
1589	2.503
1590	2.503
1591	2.503
1592	2.502
1593	2.502
1594	2.502
1595	2.501
1596	2.501
1597	2.501
1598	2.500
1599	2.500
1600	2.500
1601	2.499
1602	2.499
1603	2.498
1604	2.498
1605	2.498
1606	2.497
1607	2.497
1608	2.497
1609	2.497
1610	2.496
1611	2.496
1612	2.496
1613	2.495
1614	2.495
1615	2.495
1616	2.494
1617	2.494
1618	2.494
1619	2.493
1620	2.493
1621	2.493
1622	2.493
1623	2.492
1624	2.492
1625	2.492
1626	2.491
1627	2.491
1628	2.491
1629	2.491
1630	2.490
1631	2.490
1632	2.490
1633	2.490
1634	2.489
1635	2.489
1636	2.489
1637	2.489
1638	2.488
1639	2.488
1640	2.488
1641	2.487
1642	2.487
1643	2.487
1644	2.487
1645	2.487
1646	2.486
1647	2.486
1648	2.486
1649	2.486
1650	2.485
1651	2.485
1652	2.485
1653	2.485
1654	2.484
1655	2.484
1656	2.484
1657	2.484
1658	2.483
1659	2.483
1660	2.483
1661	2.483
1662	2.483
1663	2.482
1664	2.482
1665	2.482
1666	2.482
1667	2.482
1668	2.481
1669	2.481
1670	2.481
1671	2.481
1672	2.481
1673	2.481
1674	2.481
1675	2.481
1676	2.480
1677	2.480
1678	2.480
1679	2.480
1680	2.480
1681	2.480
1682	2.480
1683	2.480
1684	2.480
1685	2.480
1686	2.480
1687	2.480
1688	2.480
1689	2.480
1690	2.480
1691	2.480
1692	2.480
1693	2.480
1694	2.480
1695	2.480
1696	2.480
1697	2.480
1698	2.481
1699	2.481
1700	2.481
1701	2.481
1702	2.481
1703	2.481
1704	2.481
1705	2.481
1706	2.481
1707	2.481
1708	2.481
1709	2.481
1710	2.481
1711	2.481
1712	2.482
1713	2.482
1714	2.482
1715	2.482
1716	2.482
1717	2.482
1718	2.482
1719	2.482
1720	2.482
1721	2.482
1722	2.482
1723	2.482
1724	2.482
1725	2.482
1726	2.482
1727	2.482
1728	2.482
1729	2.482
1730	2.482
1731	2.482
1732	2.482
1733	2.482
1734	2.481
1735	2.481
1736	2.481
1737	2.481
1738	2.481
1739	2.481
1740	2.481
1741	2.481
1742	2.481
1743	2.481
1744	2.481
1745	2.481
1746	2.481
1747	2.480
1748	2.480
1749	2.480
1750	2.480
1751	2.480
1752	2.480
1753	2.480
1754	2.479
1755	2.479
1756	2.479
1757	2.479
1758	2.479
1759	2.479
1760	2.479
1761	2.478
1762	2.478
1763	2.478
1764	2.478
1765	2.478
1766	2.477
1767	2.477
1768	2.477
1769	2.477
1770	2.477
1771	2.477
1772	2.477
1773	2.476
1774	2.476
1775	2.476
1776	2.476
1777	2.476
1778	2.476
1779	2.475
1780	2.475
1781	2.475
1782	2.475
1783	2.475
1784	2.475
1785	2.474
1786	2.474
1787	2.474
1788	2.474
1789	2.474
1790	2.474
1791	2.474
1792	2.474
1793	2.474
1794	2.474
1795	2.474
1796	2.473
1797	2.473
1798	2.473
1799	2.473
1800	2.473
1801	2.473
1802	2.473
1803	2.473
1804	2.473
1805	2.472
1806	2.472
1807	2.472
1808	2.472
1809	2.472
1810	2.472
1811	2.472
1812	2.472
1813	2.471
1814	2.471
1815	2.471
1816	2.471
1817	2.471
1818	2.471
1819	2.471
1820	2.470
1821	2.470
1822	2.470
1823	2.470
1824	2.470
1825	2.470
1826	2.469
1827	2.469
1828	2.469
1829	2.469
1830	2.469
1831	2.469
1832	2.469
1833	2.468
1834	2.468
1835	2.468
1836	2.468
1837	2.468
1838	2.467
1839	2.467
1840	2.467
1841	2.467
1842	2.467
1843	2.466
1844	2.466
1845	2.466
1846	2.466
1847	2.465
1848	2.465
1849	2.465
1850	2.465
1851	2.464
1852	2.464
1853	2.464
1854	2.464
1855	2.464
1856	2.463
1857	2.463
1858	2.463
1859	2.462
1860	2.462
1861	2.462
1862	2.462
1863	2.461
1864	2.461
1865	2.461
1866	2.460
1867	2.460
1868	2.460
1869	2.460
1870	2.459
1871	2.459
1872	2.459
1873	2.459
1874	2.458
1875	2.458
1876	2.458
1877	2.457
1878	2.457
1879	2.457
1880	2.457
1881	2.457
1882	2.457
1883	2.456
1884	2.456
1885	2.456
1886	2.456
1887	2.456
1888	2.456
1889	2.456
1890	2.455
1891	2.456
1892	2.456
1893	2.456
1894	2.456
1895	2.456
1896	2.456
1897	2.456
1898	2.456
1899	2.456
1900	2.456
1901	2.457
1902	2.457
1903	2.457
1904	2.457
1905	2.458
1906	2.458
1907	2.458
1908	2.458
1909	2.459
1910	2.459
1911	2.460
1912	2.460
1913	2.460
1914	2.461
1915	2.461
1916	2.461
1917	2.462
1918	2.462
1919	2.463
1920	2.463
1921	2.463
1922	2.464
1923	2.464
1924	2.464
1925	2.465
1926	2.465
1927	2.466
1928	2.466
1929	2.466
1930	2.467
1931	2.467
1932	2.467
1933	2.468
1934	2.468
1935	2.468
1936	2.469
1937	2.469
1938	2.469
1939	2.470
1940	2.470
1941	2.470
1942	2.471
1943	2.471
1944	2.471
1945	2.471
1946	2.472
1947	2.472
1948	2.472
1949	2.472
1950	2.473
1951	2.473
1952	2.473
1953	2.473
1954	2.474
1955	2.474
1956	2.474
1957	2.474
1958	2.474
1959	2.475
1960	2.475
1961	2.475
1962	2.475
1963	2.475
1964	2.475
1965	2.475
1966	2.475
1967	2.476
1968	2.476
1969	2.476
1970	2.476
1971	2.476
1972	2.476
1973	2.476
1974	2.476
1975	2.476
1976	2.476
1977	2.476
1978	2.476
1979	2.476
1980	2.476
1981	2.476
1982	2.476
1983	2.476
1984	2.476
1985	2.476
1986	2.476
1987	2.476
1988	2.476
1989	2.476
1990	2.476
1991	2.476
1992	2.476
1993	2.477
1994	2.477
1995	2.477
1996	2.477
1997	2.478
1998	2.478
1999	2.479
2000	2.479
2001	2.480
2002	2.480
2003	2.481
2004	2.482
2005	2.483
2006	2.484
2007	2.485
2008	2.486
2009	2.487
2010	2.488
2011	2.489
2012	2.491
2013	2.492
2014	2.494
2015	2.495
2016	2.497
2017	2.499
2018	2.500
2019	2.502
2020	2.504
2021	2.506
2022	2.508
2023	2.510
2024	2.512
2025	2.514
2026	2.516
2027	2.518
2028	2.520
2029	2.522
2030	2.524
2031	2.526
2032	2.528
2033	2.530
2034	2.532
2035	2.534
2036	2.536
2037	2.538
2038	2.540
2039	2.542
2040	2.544
2041	2.546
2042	2.548
2043	2.550
2044	2.552
2045	2.554
2046	2.555
2047	2.557
2048	2.559
2049	2.561
2050	2.563
2051	2.564
2052	2.566
2053	2.567
2054	2.569
2055	2.570
2056	2.572
2057	2.573
2058	2.575
2059	2.576
2060	2.577
2061	2.579
2062	2.580
2063	2.581
2064	2.582
2065	2.583
2066	2.584
2067	2.586
2068	2.587
2069	2.588
2070	2.588
2071	2.589
2072	2.590
2073	2.591
2074	2.592
2075	2.593
2076	2.593
2077	2.594
2078	2.595
2079	2.595
2080	2.596
2081	2.596
2082	2.597
2083	2.597
2084	2.598
2085	2.598
2086	2.599
2087	2.599
2088	2.599
2089	2.600
2090	2.600
2091	2.600
2092	2.600
2093	2.600
2094	2.600
2095	2.600
2096	2.600
2097	2.600
2098	2.600
2099	2.600
2100	2.600
2101	2.600
2102	2.600
2103	2.599
2104	2.599
2105	2.599
2106	2.598
2107	2.598
2108	2.598
2109	2.597
2110	2.597
2111	2.596
2112	2.596
2113	2.596
2114	2.595
2115	2.595
2116	2.594
2117	2.594
2118	2.593
2119	2.593
2120	2.592
2121	2.591
2122	2.591
2123	2.590
2124	2.590
2125	2.589
2126	2.588
2127	2.588
2128	2.587
2129	2.587
2130	2.586
2131	2.585
2132	2.585
2133	2.584
2134	2.583
2135	2.583
2136	2.582
2137	2.581
2138	2.581
2139	2.580
2140	2.580
2141	2.579
2142	2.578
2143	2.578
2144	2.577
2145	2.576
2146	2.576
2147	2.575
2148	2.574
2149	2.574
2150	2.573
2151	2.573
2152	2.572
2153	2.571
2154	2.571
2155	2.570
2156	2.569
2157	2.569
2158	2.568
2159	2.568
2160	2.567
2161	2.566
2162	2.566
2163	2.565
2164	2.564
2165	2.564
2166	2.563
2167	2.562
2168	2.562
2169	2.561
2170	2.560
2171	2.560
2172	2.559
2173	2.559
2174	2.558
2175	2.557
2176	2.557
2177	2.556
2178	2.555
2179	2.555
2180	2.554
2181	2.554
2182	2.553
2183	2.552
2184	2.552
2185	2.551
2186	2.551
2187	2.550
2188	2.549
2189	2.549
2190	2.548
2191	2.547
2192	2.547
2193	2.546
2194	2.546
2195	2.545
2196	2.545
2197	2.544
2198	2.544
2199	2.543
2200	2.543
2201	2.542
2202	2.541
2203	2.541
2204	2.540
2205	2.540
2206	2.539
2207	2.539
2208	2.538
2209	2.538
2210	2.537
2211	2.537
2212	2.536
2213	2.536
2214	2.535
2215	2.535
2216	2.535
2217	2.534
2218	2.534
2219	2.533
2220	2.533
2221	2.532
2222	2.532
2223	2.531
2224	2.531
2225	2.531
2226	2.530
2227	2.530
2228	2.529
2229	2.529
2230	2.529
2231	2.528
2232	2.528
2233	2.527
2234	2.527
2235	2.527
2236	2.526
2237	2.526
2238	2.525
2239	2.525
2240	2.524
2241	2.524
2242	2.524
2243	2.523
2244	2.523
2245	2.522
2246	2.522
2247	2.522
2248	2.521
2249	2.521
2250	2.520
2251	2.520
2252	2.520
2253	2.519
2254	2.519
2255	2.519
2256	2.518
2257	2.518
2258	2.517
2259	2.517
2260	2.517
2261	2.516
2262	2.516
2263	2.515
2264	2.515
2265	2.515
2266	2.514
2267	2.514
2268	2.514
2269	2.513
2270	2.513
2271	2.513
2272	2.512
2273	2.512
2274	2.511
2275	2.511
2276	2.511
2277	2.510
2278	2.510
2279	2.510
2280	2.509
2281	2.509
2282	2.508
2283	2.508
2284	2.508
2285	2.507
2286	2.507
2287	2.507
2288	2.506
2289	2.506
2290	2.506
2291	2.505
2292	2.505
2293	2.504
2294	2.504
2295	2.504
2296	2.504
2297	2.503
2298	2.503
2299	2.502
2300	2.502
2301	2.502
2302	2.501
2303	2.501
2304	2.501
2305	2.501
2306	2.500
2307	2.500
2308	2.499
2309	2.499
2310	2.499
2311	2.498
2312	2.498
2313	2.498
2314	2.497
2315	2.497
2316	2.497
2317	2.496
2318	2.496
2319	2.496
2320	2.495
2321	2.495
2322	2.495
2323	2.494
2324	2.494
2325	2.494
2326	2.493
2327	2.493
2328	2.493
2329	2.492
2330	2.492
2331	2.492
2332	2.491
2333	2.491
2334	2.491
2335	2.490
2336	2.490
2337	2.490
2338	2.489
2339	2.489
2340	2.488
2341	2.488
2342	2.488
2343	2.488
2344	2.487
2345	2.487
2346	2.487
2347	2.486
2348	2.486
2349	2.486
2350	2.485
2351	2.485
2352	2.485
2353	2.484
2354	2.484
2355	2.483
2356	2.483
2357	2.483
2358	2.483
2359	2.482
2360	2.482
2361	2.482
2362	2.481
2363	2.481
2364	2.480
2365	2.480
2366	2.480
2367	2.479
2368	2.479
2369	2.479
2370	2.479
2371	2.478
2372	2.478
2373	2.478
2374	2.477
2375	2.477
2376	2.476
2377	2.476
2378	2.476
2379	2.475
2380	2.475
2381	2.475
2382	2.474
2383	2.474
2384	2.474
2385	2.473
2386	2.473
2387	2.473
2388	2.472
2389	2.472
2390	2.472
2391	2.472
2392	2.471
2393	2.471
2394	2.471
2395	2.470
2396	2.470
2397	2.469
2398	2.469
2399	2.469
2400	2.468
2401	2.468
2402	2.468
2403	2.468
2404	2.467
2405	2.467
2406	2.467
2407	2.466
2408	2.466
2409	2.466
2410	2.465
2411	2.465
2412	2.465
2413	2.464
2414	2.464
2415	2.464
2416	2.463
2417	2.463
2418	2.463
2419	2.463
2420	2.463
2421	2.464
2422	2.464
2423	2.465
2424	2.466
2425	2.467
2426	2.468
2427	2.469
2428	2.470
2429	2.471
2430	2.472
2431	2.473
2432	2.474
2433	2.475
2434	2.476
2435	2.477
2436	2.478
2437	2.479
2438	2.480
2439	2.481
2440	2.482
2441	2.483
2442	2.484
2443	2.485
2444	2.485
2445	2.486
2446	2.487
2447	2.488
2448	2.489
2449	2.489
2450	2.490
2451	2.491
2452	2.491
2453	2.492
2454	2.493
2455	2.493
2456	2.494
2457	2.495
2458	2.495
2459	2.496
2460	2.496
2461	2.497
2462	2.497
2463	2.498
2464	2.498
2465	2.499
2466	2.499
2467	2.500
2468	2.500
2469	2.501
2470	2.501
2471	2.502
2472	2.502
2473	2.503
2474	2.503
2475	2.503
2476	2.503
2477	2.504
2478	2.504
2479	2.504
2480	2.505
2481	2.505
2482	2.505
2483	2.505
2484	2.506
2485	2.506
2486	2.506
2487	2.506
2488	2.506
2489	2.506
2490	2.507
2491	2.507
2492	2.507
2493	2.507
2494	2.507
2495	2.507
2496	2.507
2497	2.507
2498	2.507
2499	2.507
2500	2.508
2501	2.508
2502	2.508
2503	2.508
2504	2.508
2505	2.508
2506	2.508
2507	2.507
2508	2.508
2509	2.507
2510	2.507
2511	2.507
2512	2.507
2513	2.507
2514	2.507
2515	2.507
2516	2.507
2517	2.507
2518	2.507
2519	2.507
2520	2.507
2521	2.507
2522	2.506
2523	2.506
2524	2.506
2525	2.506
2526	2.506
2527	2.506
2528	2.506
2529	2.506
2530	2.505
2531	2.505
2532	2.505
2533	2.505
2534	2.504
2535	2.504
2536	2.504
2537	2.504
2538	2.504
2539	2.504
2540	2.503
2541	2.503
2542	2.503
2543	2.503
2544	2.503
2545	2.503
2546	2.502
2547	2.502
2548	2.502
2549	2.502
2550	2.502
2551	2.502
2552	2.501
2553	2.501
2554	2.501
2555	2.501
2556	2.501
2557	2.500
2558	2.500
2559	2.500
2560	2.500
2561	2.499
2562	2.499
2563	2.499
2564	2.499
2565	2.499
2566	2.498
2567	2.498
2568	2.498
2569	2.498
2570	2.498
2571	2.498
2572	2.497
2573	2.497
2574	2.497
2575	2.497
2576	2.497
2577	2.497
2578	2.496
2579	2.496
2580	2.496
2581	2.496
2582	2.496
2583	2.496
2584	2.495
2585	2.495
2586	2.495
2587	2.495
2588	2.495
2589	2.495
2590	2.495
2591	2.494
2592	2.494
2593	2.494
2594	2.494
2595	2.494
2596	2.494
2597	2.494
2598	2.493
2599	2.493
2600	2.493
2601	2.493
2602	2.493
2603	2.493
2604	2.492
2605	2.492
2606	2.492
2607	2.492
2608	2.492
2609	2.492
2610	2.491
2611	2.491
2612	2.491
2613	2.491
2614	2.491
2615	2.490
2616	2.490
2617	2.490
2618	2.490
2619	2.490
2620	2.489
2621	2.489
2622	2.489
2623	2.489
2624	2.489
2625	2.489
2626	2.488
2627	2.488
2628	2.488
2629	2.488
2630	2.488
2631	2.488
2632	2.487
2633	2.487
2634	2.487
2635	2.487
2636	2.487
2637	2.487
2638	2.487
2639	2.486
2640	2.486
2641	2.486
2642	2.486
2643	2.486
2644	2.486
2645	2.485
2646	2.485
2647	2.485
2648	2.485
2649	2.485
2650	2.484
2651	2.484
2652	2.484
2653	2.484
2654	2.484
2655	2.484
2656	2.483
2657	2.483
2658	2.483
2659	2.483
2660	2.483
2661	2.483
2662	2.482
2663	2.482
2664	2.482
2665	2.482
2666	2.482
2667	2.482
2668	2.481
2669	2.481
2670	2.481
2671	2.481
2672	2.481
2673	2.480
2674	2.480
2675	4.908
2676	232.558
2677	232.558
2678	232.558
2679	232.558
2680	232.558
2681	232.558
2682	232.558
2683	232.558
2684	232.558
2685	232.558
2686	232.558
2687	232.558
2688	232.558
2689	232.558
2690	232.558
2691	232.558
2692	232.558
2693	232.558
2694	232.558
2695	232.558
2696	232.558
2697	232.558
2698	232.558
2699	232.558
2700	232.558
2701	232.558
2702	232.558
2703	232.558
2704	232.558
2705	232.558
2706	232.558
2707	232.558
2708	232.558
2709	232.558
2710	232.558
2711	232.558
2712	232.558
2713	232.558
2714	232.558
2715	232.558
2716	232.558
2717	232.558
2718	232.558
2719	232.558

<Unbearbeitete Daten exportiert>
