Unbearbeiteter Daten-Export (tab separat)


Klient:	Sebastian,Heckner
Sitzung:	30.04.one_hand_5 
Datum:	2021-04-30
Zeit:	12:10:45
Dauer:	86	Sekunden.
Abtastrate:	32	Samples/sek.

Beispiele	32 SPS	
Zeit	Sensor-C:EDA (Hautleitwert)	


0	3.457
1	1.849
2	1.849
3	1.849
4	1.849
5	1.849
6	1.849
7	1.849
8	1.849
9	1.849
10	1.849
11	1.849
12	1.849
13	1.849
14	1.850
15	1.850
16	1.850
17	1.850
18	1.850
19	1.850
20	1.850
21	1.850
22	1.850
23	1.851
24	1.851
25	1.851
26	1.851
27	1.851
28	1.852
29	1.852
30	1.852
31	1.852
32	1.852
33	1.853
34	1.853
35	1.853
36	1.853
37	1.854
38	1.854
39	1.854
40	1.855
41	1.855
42	1.855
43	1.855
44	1.856
45	1.856
46	1.856
47	1.857
48	1.857
49	1.857
50	1.857
51	1.858
52	1.858
53	1.858
54	1.859
55	1.859
56	1.859
57	1.860
58	1.860
59	1.860
60	1.861
61	1.861
62	1.861
63	1.862
64	1.862
65	1.862
66	1.863
67	1.863
68	1.863
69	1.864
70	1.864
71	1.864
72	1.865
73	1.865
74	1.865
75	1.866
76	1.866
77	1.866
78	1.867
79	1.867
80	1.868
81	1.868
82	1.869
83	1.869
84	1.870
85	1.870
86	1.871
87	1.872
88	1.872
89	1.873
90	1.874
91	1.874
92	1.875
93	1.876
94	1.877
95	1.878
96	1.879
97	1.880
98	1.880
99	1.881
100	1.882
101	1.883
102	1.884
103	1.885
104	1.886
105	1.887
106	1.888
107	1.889
108	1.890
109	1.891
110	1.892
111	1.893
112	1.894
113	1.895
114	1.896
115	1.897
116	1.898
117	1.899
118	1.900
119	1.901
120	1.903
121	1.904
122	1.905
123	1.906
124	1.907
125	1.908
126	1.909
127	1.911
128	1.912
129	1.913
130	1.914
131	1.916
132	1.917
133	1.918
134	1.920
135	1.921
136	1.922
137	1.923
138	1.925
139	1.926
140	1.927
141	1.928
142	1.930
143	1.931
144	1.932
145	1.933
146	1.934
147	1.935
148	1.937
149	1.938
150	1.939
151	1.940
152	1.941
153	1.942
154	1.943
155	1.944
156	1.945
157	1.946
158	1.947
159	1.948
160	1.949
161	1.950
162	1.951
163	1.952
164	1.953
165	1.954
166	1.954
167	1.955
168	1.956
169	1.957
170	1.957
171	1.958
172	1.959
173	1.959
174	1.960
175	1.960
176	1.961
177	1.961
178	1.962
179	1.962
180	1.963
181	1.963
182	1.964
183	1.964
184	1.965
185	1.965
186	1.966
187	1.966
188	1.966
189	1.967
190	1.967
191	1.968
192	1.968
193	1.968
194	1.969
195	1.969
196	1.970
197	1.970
198	1.970
199	1.971
200	1.971
201	1.971
202	1.972
203	1.972
204	1.972
205	1.973
206	1.973
207	1.973
208	1.974
209	1.974
210	1.974
211	1.975
212	1.975
213	1.975
214	1.976
215	1.976
216	1.977
217	1.977
218	1.978
219	1.978
220	1.979
221	1.979
222	1.980
223	1.981
224	1.982
225	1.983
226	1.983
227	1.984
228	1.985
229	1.986
230	1.987
231	1.989
232	1.990
233	1.991
234	1.992
235	1.993
236	1.995
237	1.996
238	1.997
239	1.999
240	2.000
241	2.001
242	2.003
243	2.004
244	2.005
245	2.007
246	2.008
247	2.009
248	2.011
249	2.012
250	2.014
251	2.015
252	2.016
253	2.018
254	2.019
255	2.021
256	2.022
257	2.023
258	2.024
259	2.026
260	2.027
261	2.028
262	2.029
263	2.030
264	2.032
265	2.033
266	2.034
267	2.035
268	2.036
269	2.037
270	2.038
271	2.040
272	2.041
273	2.042
274	2.043
275	2.044
276	2.045
277	2.046
278	2.047
279	2.048
280	2.049
281	2.050
282	2.050
283	2.051
284	2.052
285	2.053
286	2.054
287	2.055
288	2.055
289	2.056
290	2.057
291	2.058
292	2.058
293	2.059
294	2.060
295	2.060
296	2.061
297	2.061
298	2.062
299	2.063
300	2.063
301	2.064
302	2.064
303	2.064
304	2.065
305	2.065
306	2.066
307	2.066
308	2.066
309	2.067
310	2.067
311	2.067
312	2.068
313	2.068
314	2.068
315	2.069
316	2.069
317	2.069
318	2.069
319	2.070
320	2.070
321	2.070
322	2.070
323	2.070
324	2.070
325	2.070
326	2.071
327	2.071
328	2.071
329	2.071
330	2.071
331	2.071
332	2.071
333	2.071
334	2.071
335	2.071
336	2.070
337	2.070
338	2.070
339	2.070
340	2.070
341	2.070
342	2.070
343	2.069
344	2.069
345	2.069
346	2.069
347	2.069
348	2.069
349	2.069
350	2.068
351	2.068
352	2.068
353	2.068
354	2.068
355	2.068
356	2.068
357	2.067
358	2.067
359	2.067
360	2.067
361	2.066
362	2.066
363	2.066
364	2.066
365	2.065
366	2.065
367	2.065
368	2.065
369	2.064
370	2.064
371	2.064
372	2.064
373	2.063
374	2.063
375	2.063
376	2.062
377	2.062
378	2.062
379	2.061
380	2.061
381	2.061
382	2.060
383	2.060
384	2.060
385	2.059
386	2.059
387	2.059
388	2.058
389	2.058
390	2.058
391	2.057
392	2.057
393	2.057
394	2.057
395	2.056
396	2.056
397	2.056
398	2.055
399	2.055
400	2.055
401	2.055
402	2.054
403	2.054
404	2.054
405	2.053
406	2.053
407	2.053
408	2.053
409	2.052
410	2.052
411	2.052
412	2.051
413	2.051
414	2.051
415	2.051
416	2.050
417	2.050
418	2.050
419	2.050
420	2.049
421	2.049
422	2.049
423	2.049
424	2.048
425	2.048
426	2.048
427	2.048
428	2.047
429	2.047
430	2.047
431	2.046
432	2.046
433	2.046
434	2.045
435	2.045
436	2.045
437	2.044
438	2.044
439	2.044
440	2.043
441	2.043
442	2.043
443	2.042
444	2.042
445	2.042
446	2.041
447	2.041
448	2.040
449	2.040
450	2.040
451	2.039
452	2.039
453	2.039
454	2.039
455	2.038
456	2.038
457	2.038
458	2.037
459	2.037
460	2.037
461	2.036
462	2.036
463	2.036
464	2.036
465	2.035
466	2.035
467	2.035
468	2.034
469	2.034
470	2.034
471	2.034
472	2.033
473	2.033
474	2.033
475	2.033
476	2.032
477	2.032
478	2.032
479	2.032
480	2.032
481	2.031
482	2.031
483	2.031
484	2.031
485	2.031
486	2.030
487	2.030
488	2.030
489	2.030
490	2.029
491	2.029
492	2.029
493	2.029
494	2.029
495	2.029
496	2.028
497	2.028
498	2.028
499	2.028
500	2.028
501	2.028
502	2.027
503	2.027
504	2.027
505	2.027
506	2.027
507	2.026
508	2.026
509	2.026
510	2.026
511	2.026
512	2.025
513	2.025
514	2.025
515	2.025
516	2.025
517	2.024
518	2.024
519	2.024
520	2.024
521	2.024
522	2.023
523	2.023
524	2.023
525	2.023
526	2.023
527	2.022
528	2.022
529	2.022
530	2.022
531	2.021
532	2.021
533	2.021
534	2.021
535	2.020
536	2.020
537	2.020
538	2.020
539	2.020
540	2.020
541	2.020
542	2.019
543	2.019
544	2.019
545	2.019
546	2.018
547	2.018
548	2.018
549	2.018
550	2.018
551	2.018
552	2.018
553	2.017
554	2.017
555	2.017
556	2.017
557	2.017
558	2.017
559	2.017
560	2.017
561	2.017
562	2.017
563	2.017
564	2.017
565	2.017
566	2.017
567	2.017
568	2.017
569	2.017
570	2.017
571	2.017
572	2.017
573	2.018
574	2.018
575	2.018
576	2.018
577	2.019
578	2.019
579	2.019
580	2.020
581	2.020
582	2.020
583	2.021
584	2.021
585	2.022
586	2.022
587	2.023
588	2.023
589	2.024
590	2.024
591	2.025
592	2.025
593	2.026
594	2.026
595	2.027
596	2.028
597	2.028
598	2.029
599	2.029
600	2.030
601	2.031
602	2.031
603	2.032
604	2.032
605	2.033
606	2.033
607	2.034
608	2.034
609	2.035
610	2.035
611	2.036
612	2.036
613	2.037
614	2.037
615	2.038
616	2.038
617	2.039
618	2.039
619	2.040
620	2.040
621	2.041
622	2.041
623	2.042
624	2.042
625	2.043
626	2.043
627	2.044
628	2.044
629	2.045
630	2.045
631	2.046
632	2.046
633	2.047
634	2.047
635	2.047
636	2.048
637	2.048
638	2.049
639	2.049
640	2.050
641	2.050
642	2.051
643	2.051
644	2.051
645	2.052
646	2.052
647	2.053
648	2.053
649	2.054
650	2.054
651	2.054
652	2.055
653	2.055
654	2.056
655	2.056
656	2.056
657	2.057
658	2.057
659	2.058
660	2.058
661	2.058
662	2.059
663	2.059
664	2.060
665	2.060
666	2.061
667	2.061
668	2.062
669	2.062
670	2.063
671	2.063
672	2.064
673	2.065
674	2.066
675	2.066
676	2.067
677	2.068
678	2.069
679	2.070
680	2.071
681	2.073
682	2.074
683	2.075
684	2.077
685	2.078
686	2.079
687	2.081
688	2.082
689	2.084
690	2.086
691	2.087
692	2.089
693	2.091
694	2.092
695	2.094
696	2.096
697	2.098
698	2.100
699	2.102
700	2.103
701	2.105
702	2.107
703	2.109
704	2.111
705	2.113
706	2.114
707	2.116
708	2.118
709	2.120
710	2.122
711	2.124
712	2.125
713	2.127
714	2.129
715	2.130
716	2.132
717	2.134
718	2.135
719	2.137
720	2.138
721	2.140
722	2.141
723	2.142
724	2.144
725	2.145
726	2.146
727	2.147
728	2.149
729	2.150
730	2.151
731	2.152
732	2.153
733	2.155
734	2.156
735	2.157
736	2.158
737	2.159
738	2.160
739	2.161
740	2.162
741	2.163
742	2.164
743	2.165
744	2.166
745	2.167
746	2.168
747	2.169
748	2.170
749	2.171
750	2.172
751	2.173
752	2.173
753	2.174
754	2.175
755	2.176
756	2.177
757	2.178
758	2.179
759	2.180
760	2.181
761	2.182
762	2.183
763	2.185
764	2.186
765	2.187
766	2.188
767	2.190
768	2.191
769	2.193
770	2.194
771	2.196
772	2.198
773	2.200
774	2.201
775	2.203
776	2.205
777	2.207
778	2.209
779	2.211
780	2.213
781	2.215
782	2.217
783	2.219
784	2.221
785	2.223
786	2.226
787	2.228
788	2.230
789	2.232
790	2.234
791	2.236
792	2.238
793	2.240
794	2.242
795	2.244
796	2.246
797	2.248
798	2.250
799	2.252
800	2.254
801	2.256
802	2.257
803	2.259
804	2.261
805	2.263
806	2.264
807	2.266
808	2.268
809	2.269
810	2.271
811	2.272
812	2.274
813	2.275
814	2.277
815	2.278
816	2.279
817	2.281
818	2.282
819	2.284
820	2.285
821	2.287
822	2.288
823	2.289
824	2.290
825	2.291
826	2.293
827	2.294
828	2.295
829	2.295
830	2.296
831	2.297
832	2.298
833	2.298
834	2.299
835	2.299
836	2.300
837	2.300
838	2.300
839	2.301
840	2.301
841	2.301
842	2.301
843	2.301
844	2.301
845	2.301
846	2.301
847	2.301
848	2.302
849	2.302
850	2.302
851	2.302
852	2.302
853	2.302
854	2.303
855	2.303
856	2.304
857	2.305
858	2.305
859	2.306
860	2.307
861	2.309
862	2.310
863	2.312
864	2.314
865	2.315
866	2.317
867	2.320
868	2.322
869	2.324
870	2.327
871	2.329
872	2.332
873	2.335
874	2.337
875	2.340
876	2.343
877	2.346
878	2.349
879	2.352
880	2.355
881	2.358
882	2.361
883	2.364
884	2.367
885	2.370
886	2.373
887	2.376
888	2.379
889	2.382
890	2.385
891	2.388
892	2.391
893	2.394
894	2.397
895	2.400
896	2.403
897	2.406
898	2.408
899	2.411
900	2.413
901	2.416
902	2.419
903	2.421
904	2.423
905	2.426
906	2.428
907	2.430
908	2.433
909	2.435
910	2.437
911	2.440
912	2.442
913	2.445
914	2.447
915	2.449
916	2.451
917	2.453
918	2.456
919	2.458
920	2.460
921	2.462
922	2.464
923	2.466
924	2.468
925	2.470
926	2.472
927	2.474
928	2.476
929	2.478
930	2.480
931	2.481
932	2.483
933	2.484
934	2.486
935	2.488
936	2.489
937	2.490
938	2.492
939	2.493
940	2.494
941	2.496
942	2.497
943	2.498
944	2.499
945	2.501
946	2.502
947	2.503
948	2.504
949	2.505
950	2.506
951	2.506
952	2.507
953	2.508
954	2.509
955	2.510
956	2.511
957	2.512
958	2.513
959	2.514
960	2.515
961	2.516
962	2.517
963	2.518
964	2.519
965	2.520
966	2.521
967	2.521
968	2.522
969	2.523
970	2.524
971	2.524
972	2.525
973	2.526
974	2.526
975	2.526
976	2.527
977	2.527
978	2.527
979	2.527
980	2.527
981	2.527
982	2.527
983	2.527
984	2.527
985	2.527
986	2.526
987	2.526
988	2.526
989	2.525
990	2.525
991	2.525
992	2.524
993	2.523
994	2.523
995	2.522
996	2.521
997	2.520
998	2.520
999	2.519
1000	2.518
1001	2.517
1002	2.516
1003	2.514
1004	2.513
1005	2.512
1006	2.511
1007	2.510
1008	2.508
1009	2.507
1010	2.506
1011	2.504
1012	2.503
1013	2.502
1014	2.500
1015	2.499
1016	2.498
1017	2.496
1018	2.495
1019	2.493
1020	2.492
1021	2.490
1022	2.489
1023	2.487
1024	2.486
1025	2.485
1026	2.483
1027	2.482
1028	2.480
1029	2.479
1030	2.477
1031	2.476
1032	2.475
1033	2.474
1034	2.473
1035	2.472
1036	2.471
1037	2.471
1038	2.470
1039	2.470
1040	2.470
1041	2.470
1042	2.470
1043	2.470
1044	2.470
1045	2.470
1046	2.471
1047	2.472
1048	2.473
1049	2.474
1050	2.475
1051	2.476
1052	2.478
1053	2.479
1054	2.481
1055	2.483
1056	2.485
1057	2.487
1058	2.489
1059	2.491
1060	2.493
1061	2.496
1062	2.498
1063	2.501
1064	2.503
1065	2.506
1066	2.509
1067	2.512
1068	2.514
1069	2.517
1070	2.520
1071	2.523
1072	2.526
1073	2.529
1074	2.532
1075	2.535
1076	2.537
1077	2.540
1078	2.543
1079	2.546
1080	2.548
1081	2.551
1082	2.554
1083	2.556
1084	2.559
1085	2.561
1086	2.564
1087	2.566
1088	2.569
1089	2.571
1090	2.573
1091	2.576
1092	2.578
1093	2.581
1094	2.583
1095	2.585
1096	2.587
1097	2.589
1098	2.591
1099	2.593
1100	2.595
1101	2.597
1102	2.598
1103	2.600
1104	2.602
1105	2.603
1106	2.605
1107	2.606
1108	2.607
1109	2.608
1110	2.609
1111	2.610
1112	2.611
1113	2.612
1114	2.613
1115	2.614
1116	2.615
1117	2.616
1118	2.616
1119	2.617
1120	2.617
1121	2.618
1122	2.618
1123	2.618
1124	2.618
1125	2.618
1126	2.619
1127	2.619
1128	2.619
1129	2.619
1130	2.619
1131	2.619
1132	2.619
1133	2.619
1134	2.619
1135	2.619
1136	2.619
1137	2.619
1138	2.619
1139	2.619
1140	2.618
1141	2.618
1142	2.618
1143	2.618
1144	2.617
1145	2.617
1146	2.617
1147	2.616
1148	2.616
1149	2.616
1150	2.616
1151	2.616
1152	2.616
1153	2.616
1154	2.616
1155	2.616
1156	2.616
1157	2.617
1158	2.617
1159	2.618
1160	2.619
1161	2.620
1162	2.621
1163	2.622
1164	2.623
1165	2.624
1166	2.626
1167	2.628
1168	2.629
1169	2.631
1170	2.633
1171	2.635
1172	2.638
1173	2.640
1174	2.642
1175	2.645
1176	2.647
1177	2.650
1178	2.652
1179	2.655
1180	2.657
1181	2.660
1182	2.663
1183	2.665
1184	2.668
1185	2.670
1186	2.673
1187	2.675
1188	2.678
1189	2.680
1190	2.683
1191	2.685
1192	2.688
1193	2.690
1194	2.692
1195	2.695
1196	2.697
1197	2.700
1198	2.702
1199	2.704
1200	2.706
1201	2.708
1202	2.710
1203	2.712
1204	2.714
1205	2.717
1206	2.719
1207	2.721
1208	2.723
1209	2.725
1210	2.726
1211	2.728
1212	2.730
1213	2.732
1214	2.733
1215	2.735
1216	2.737
1217	2.738
1218	2.739
1219	2.741
1220	2.742
1221	2.743
1222	2.744
1223	2.745
1224	2.747
1225	2.748
1226	2.749
1227	2.750
1228	2.751
1229	2.752
1230	2.753
1231	2.754
1232	2.755
1233	2.756
1234	2.757
1235	2.759
1236	2.760
1237	2.761
1238	2.762
1239	2.763
1240	2.764
1241	2.765
1242	2.766
1243	2.768
1244	2.769
1245	2.770
1246	2.771
1247	2.772
1248	2.773
1249	2.774
1250	2.775
1251	2.776
1252	2.777
1253	2.778
1254	2.780
1255	2.781
1256	2.782
1257	2.784
1258	2.785
1259	2.787
1260	2.788
1261	2.789
1262	2.790
1263	2.792
1264	2.793
1265	2.794
1266	2.795
1267	2.796
1268	2.797
1269	2.798
1270	2.799
1271	2.800
1272	2.801
1273	2.802
1274	2.803
1275	2.804
1276	2.804
1277	2.805
1278	2.806
1279	2.806
1280	2.806
1281	2.807
1282	2.807
1283	2.807
1284	2.807
1285	2.807
1286	2.808
1287	2.808
1288	2.807
1289	2.807
1290	2.807
1291	2.807
1292	2.807
1293	2.806
1294	2.806
1295	2.805
1296	2.805
1297	2.804
1298	2.804
1299	2.803
1300	2.803
1301	2.802
1302	2.801
1303	2.801
1304	2.800
1305	2.799
1306	2.798
1307	2.797
1308	2.797
1309	2.796
1310	2.795
1311	2.794
1312	2.793
1313	2.793
1314	2.792
1315	2.791
1316	2.790
1317	2.790
1318	2.789
1319	2.788
1320	2.788
1321	2.787
1322	2.786
1323	2.785
1324	2.785
1325	2.784
1326	2.783
1327	2.783
1328	2.782
1329	2.781
1330	2.780
1331	2.779
1332	2.778
1333	2.777
1334	2.777
1335	2.776
1336	2.775
1337	2.774
1338	2.773
1339	2.772
1340	2.771
1341	2.770
1342	2.769
1343	2.768
1344	2.766
1345	2.765
1346	2.764
1347	2.763
1348	2.761
1349	2.760
1350	2.759
1351	2.757
1352	2.756
1353	2.755
1354	2.753
1355	2.752
1356	2.751
1357	2.749
1358	2.748
1359	2.746
1360	2.745
1361	2.743
1362	2.742
1363	2.740
1364	2.739
1365	2.737
1366	2.736
1367	2.734
1368	2.733
1369	2.731
1370	2.730
1371	2.728
1372	2.726
1373	2.725
1374	2.723
1375	2.721
1376	2.720
1377	2.718
1378	2.716
1379	2.715
1380	2.713
1381	2.711
1382	2.710
1383	2.708
1384	2.706
1385	2.705
1386	2.703
1387	2.701
1388	2.699
1389	2.698
1390	2.696
1391	2.694
1392	2.693
1393	2.691
1394	2.689
1395	2.688
1396	2.686
1397	2.685
1398	2.683
1399	2.682
1400	2.681
1401	2.680
1402	2.678
1403	2.677
1404	2.676
1405	2.675
1406	2.675
1407	2.674
1408	2.673
1409	2.673
1410	2.673
1411	2.673
1412	2.673
1413	2.673
1414	2.673
1415	2.674
1416	2.675
1417	2.676
1418	2.677
1419	2.678
1420	2.680
1421	2.682
1422	2.683
1423	2.685
1424	2.688
1425	2.690
1426	2.693
1427	2.696
1428	2.699
1429	2.702
1430	2.705
1431	2.708
1432	2.711
1433	2.715
1434	2.718
1435	2.722
1436	2.725
1437	2.729
1438	2.732
1439	2.736
1440	2.740
1441	2.744
1442	2.748
1443	2.752
1444	2.756
1445	2.760
1446	2.764
1447	2.767
1448	2.771
1449	2.775
1450	2.779
1451	2.783
1452	2.787
1453	2.791
1454	2.795
1455	2.799
1456	2.802
1457	2.806
1458	2.809
1459	2.813
1460	2.816
1461	2.820
1462	2.823
1463	2.826
1464	2.829
1465	2.832
1466	2.835
1467	2.837
1468	2.840
1469	2.843
1470	2.845
1471	2.847
1472	2.850
1473	2.852
1474	2.854
1475	2.856
1476	2.858
1477	2.859
1478	2.861
1479	2.863
1480	2.864
1481	2.866
1482	2.868
1483	2.869
1484	2.871
1485	2.872
1486	2.873
1487	2.875
1488	2.876
1489	2.877
1490	2.878
1491	2.879
1492	2.880
1493	2.881
1494	2.881
1495	2.882
1496	2.883
1497	2.884
1498	2.884
1499	2.885
1500	2.886
1501	2.887
1502	2.888
1503	2.889
1504	2.890
1505	2.892
1506	2.893
1507	2.895
1508	2.896
1509	2.898
1510	2.900
1511	2.901
1512	2.903
1513	2.906
1514	2.908
1515	2.910
1516	2.912
1517	2.915
1518	2.917
1519	2.920
1520	2.923
1521	2.925
1522	2.928
1523	2.931
1524	2.934
1525	2.937
1526	2.940
1527	2.943
1528	2.946
1529	2.949
1530	2.952
1531	2.955
1532	2.958
1533	2.961
1534	2.964
1535	2.966
1536	2.969
1537	2.972
1538	2.974
1539	2.977
1540	2.980
1541	2.982
1542	2.985
1543	2.987
1544	2.989
1545	2.992
1546	2.994
1547	2.996
1548	2.998
1549	3.000
1550	3.002
1551	3.004
1552	3.006
1553	3.007
1554	3.009
1555	3.010
1556	3.012
1557	3.013
1558	3.014
1559	3.015
1560	3.017
1561	3.018
1562	3.019
1563	3.020
1564	3.021
1565	3.022
1566	3.023
1567	3.024
1568	3.024
1569	3.025
1570	3.026
1571	3.027
1572	3.028
1573	3.028
1574	3.029
1575	3.029
1576	3.030
1577	3.030
1578	3.031
1579	3.031
1580	3.031
1581	3.031
1582	3.032
1583	3.032
1584	3.032
1585	3.032
1586	3.033
1587	3.033
1588	3.033
1589	3.033
1590	3.033
1591	3.033
1592	3.033
1593	3.032
1594	3.032
1595	3.032
1596	3.032
1597	3.031
1598	3.031
1599	3.031
1600	3.030
1601	3.030
1602	3.030
1603	3.029
1604	3.029
1605	3.029
1606	3.028
1607	3.028
1608	3.027
1609	3.026
1610	3.025
1611	3.025
1612	3.024
1613	3.023
1614	3.022
1615	3.021
1616	3.020
1617	3.019
1618	3.018
1619	3.017
1620	3.015
1621	3.014
1622	3.013
1623	3.012
1624	3.010
1625	3.009
1626	3.007
1627	3.006
1628	3.004
1629	3.003
1630	3.001
1631	3.000
1632	2.998
1633	2.997
1634	2.995
1635	2.994
1636	2.992
1637	2.991
1638	2.989
1639	2.988
1640	2.986
1641	2.984
1642	2.983
1643	2.981
1644	2.980
1645	2.978
1646	2.976
1647	2.975
1648	2.974
1649	2.972
1650	2.971
1651	2.970
1652	2.968
1653	2.967
1654	2.966
1655	2.965
1656	2.963
1657	2.962
1658	2.961
1659	2.960
1660	2.959
1661	2.957
1662	2.956
1663	2.955
1664	2.954
1665	2.953
1666	2.952
1667	2.951
1668	2.950
1669	2.949
1670	2.948
1671	2.947
1672	2.946
1673	2.945
1674	2.944
1675	2.943
1676	2.942
1677	2.941
1678	2.940
1679	2.939
1680	2.938
1681	2.937
1682	2.936
1683	2.935
1684	2.934
1685	2.933
1686	2.932
1687	2.931
1688	2.931
1689	2.930
1690	2.929
1691	2.928
1692	2.928
1693	2.927
1694	2.926
1695	2.926
1696	2.925
1697	2.924
1698	2.924
1699	2.923
1700	2.923
1701	2.922
1702	2.921
1703	2.921
1704	2.920
1705	2.919
1706	2.918
1707	2.918
1708	2.917
1709	2.916
1710	2.915
1711	2.915
1712	2.914
1713	2.913
1714	2.912
1715	2.911
1716	2.910
1717	2.909
1718	2.909
1719	2.908
1720	2.907
1721	2.906
1722	2.905
1723	2.904
1724	2.904
1725	2.903
1726	2.903
1727	2.902
1728	2.901
1729	2.901
1730	2.900
1731	2.900
1732	2.899
1733	2.898
1734	2.897
1735	2.896
1736	2.896
1737	2.895
1738	2.894
1739	2.893
1740	2.892
1741	2.891
1742	2.891
1743	2.890
1744	2.889
1745	2.888
1746	2.887
1747	2.886
1748	2.886
1749	2.885
1750	2.884
1751	2.884
1752	2.883
1753	2.883
1754	2.882
1755	2.882
1756	2.882
1757	2.882
1758	2.881
1759	2.881
1760	2.881
1761	2.882
1762	2.882
1763	2.882
1764	2.883
1765	2.883
1766	2.884
1767	2.885
1768	2.886
1769	2.887
1770	2.888
1771	2.889
1772	2.890
1773	2.891
1774	2.892
1775	2.894
1776	2.895
1777	2.896
1778	2.898
1779	2.899
1780	2.901
1781	2.903
1782	2.904
1783	2.906
1784	2.908
1785	2.909
1786	2.911
1787	2.912
1788	2.914
1789	2.916
1790	2.917
1791	2.919
1792	2.920
1793	2.922
1794	2.923
1795	2.925
1796	2.926
1797	2.927
1798	2.929
1799	2.930
1800	2.931
1801	2.933
1802	2.934
1803	2.935
1804	2.936
1805	2.938
1806	2.939
1807	2.940
1808	2.941
1809	2.942
1810	2.943
1811	2.944
1812	2.945
1813	2.945
1814	2.946
1815	2.947
1816	2.948
1817	2.949
1818	2.950
1819	2.951
1820	2.951
1821	2.952
1822	2.952
1823	2.953
1824	2.953
1825	2.953
1826	2.953
1827	2.954
1828	2.954
1829	2.954
1830	2.953
1831	2.953
1832	2.953
1833	2.953
1834	2.952
1835	2.952
1836	2.952
1837	2.951
1838	2.950
1839	2.950
1840	2.949
1841	2.949
1842	2.948
1843	2.947
1844	2.947
1845	2.946
1846	2.945
1847	2.944
1848	2.943
1849	2.943
1850	2.942
1851	2.941
1852	2.940
1853	2.939
1854	2.938
1855	2.937
1856	2.936
1857	2.935
1858	2.934
1859	2.933
1860	2.932
1861	2.931
1862	2.930
1863	2.929
1864	2.928
1865	2.927
1866	2.927
1867	2.926
1868	2.925
1869	2.924
1870	2.923
1871	2.922
1872	2.921
1873	2.920
1874	2.919
1875	2.918
1876	2.918
1877	2.917
1878	2.916
1879	2.915
1880	2.914
1881	2.913
1882	2.913
1883	2.912
1884	2.911
1885	2.910
1886	2.910
1887	2.909
1888	2.908
1889	2.908
1890	2.907
1891	2.907
1892	2.906
1893	2.906
1894	2.905
1895	2.904
1896	2.904
1897	2.904
1898	2.903
1899	2.903
1900	2.902
1901	2.902
1902	2.902
1903	2.901
1904	2.901
1905	2.900
1906	2.900
1907	2.900
1908	2.900
1909	2.899
1910	2.899
1911	2.899
1912	2.899
1913	2.898
1914	2.898
1915	2.898
1916	2.898
1917	2.898
1918	2.898
1919	2.898
1920	2.898
1921	2.898
1922	2.898
1923	2.899
1924	2.899
1925	2.899
1926	2.899
1927	2.900
1928	2.900
1929	2.900
1930	2.901
1931	2.901
1932	2.902
1933	2.902
1934	2.902
1935	2.903
1936	2.904
1937	2.904
1938	2.905
1939	2.905
1940	2.906
1941	2.906
1942	2.907
1943	2.908
1944	2.908
1945	2.909
1946	2.909
1947	2.910
1948	2.911
1949	2.911
1950	2.912
1951	2.913
1952	2.913
1953	2.914
1954	2.915
1955	2.915
1956	2.916
1957	2.917
1958	2.917
1959	2.918
1960	2.918
1961	2.919
1962	2.919
1963	2.920
1964	2.920
1965	2.921
1966	2.921
1967	2.921
1968	2.922
1969	2.922
1970	2.922
1971	2.923
1972	2.923
1973	2.923
1974	2.924
1975	2.924
1976	2.924
1977	2.925
1978	2.925
1979	2.926
1980	2.926
1981	2.927
1982	2.927
1983	2.928
1984	2.928
1985	2.929
1986	2.929
1987	2.930
1988	2.931
1989	2.931
1990	2.932
1991	2.933
1992	2.933
1993	2.934
1994	2.934
1995	2.935
1996	2.935
1997	2.936
1998	2.937
1999	2.937
2000	2.938
2001	2.938
2002	2.939
2003	2.939
2004	2.940
2005	2.940
2006	2.941
2007	2.941
2008	2.942
2009	2.942
2010	2.942
2011	2.942
2012	2.943
2013	2.943
2014	2.943
2015	2.943
2016	2.944
2017	2.944
2018	2.944
2019	2.944
2020	2.944
2021	2.945
2022	2.945
2023	2.945
2024	2.945
2025	2.945
2026	2.945
2027	2.945
2028	2.946
2029	2.946
2030	2.946
2031	2.946
2032	2.946
2033	2.947
2034	2.947
2035	2.947
2036	2.947
2037	2.947
2038	2.947
2039	2.947
2040	2.947
2041	2.947
2042	2.947
2043	2.947
2044	2.947
2045	2.947
2046	2.947
2047	2.947
2048	2.947
2049	2.947
2050	2.947
2051	2.947
2052	2.947
2053	2.947
2054	2.946
2055	2.946
2056	2.946
2057	2.946
2058	2.946
2059	2.946
2060	2.946
2061	2.946
2062	2.946
2063	2.945
2064	2.945
2065	2.945
2066	2.945
2067	2.945
2068	2.944
2069	2.944
2070	2.944
2071	2.944
2072	2.943
2073	2.943
2074	2.943
2075	2.942
2076	2.942
2077	2.942
2078	2.941
2079	2.941
2080	2.941
2081	2.940
2082	2.940
2083	2.939
2084	2.939
2085	2.939
2086	2.939
2087	2.938
2088	2.938
2089	2.938
2090	2.937
2091	2.937
2092	2.937
2093	2.936
2094	2.936
2095	2.935
2096	2.935
2097	2.935
2098	2.935
2099	2.934
2100	2.934
2101	2.934
2102	2.934
2103	2.934
2104	2.934
2105	2.934
2106	2.934
2107	2.934
2108	2.934
2109	2.934
2110	2.934
2111	2.934
2112	2.934
2113	2.934
2114	2.934
2115	2.934
2116	2.933
2117	2.933
2118	2.933
2119	2.933
2120	2.933
2121	2.932
2122	2.932
2123	2.932
2124	2.932
2125	2.931
2126	2.931
2127	2.931
2128	2.930
2129	2.930
2130	2.930
2131	2.930
2132	2.929
2133	2.929
2134	2.929
2135	2.928
2136	2.928
2137	2.927
2138	2.927
2139	2.927
2140	2.927
2141	2.926
2142	2.926
2143	2.925
2144	2.925
2145	2.925
2146	2.924
2147	2.924
2148	2.923
2149	2.923
2150	2.923
2151	2.922
2152	2.922
2153	2.921
2154	2.921
2155	2.920
2156	2.920
2157	2.920
2158	2.919
2159	2.919
2160	2.918
2161	2.918
2162	2.918
2163	2.917
2164	2.917
2165	2.916
2166	2.916
2167	2.915
2168	2.915
2169	2.914
2170	2.914
2171	2.913
2172	2.913
2173	2.913
2174	2.912
2175	2.912
2176	2.911
2177	2.911
2178	2.910
2179	2.910
2180	2.909
2181	2.909
2182	2.908
2183	2.908
2184	2.908
2185	2.907
2186	2.907
2187	2.906
2188	2.906
2189	2.905
2190	2.905
2191	2.905
2192	2.904
2193	2.904
2194	2.903
2195	2.903
2196	2.902
2197	2.902
2198	2.902
2199	2.901
2200	2.901
2201	2.900
2202	2.900
2203	2.900
2204	2.899
2205	2.899
2206	2.899
2207	2.898
2208	2.898
2209	2.898
2210	2.897
2211	2.897
2212	2.896
2213	2.896
2214	2.896
2215	2.895
2216	2.895
2217	2.895
2218	2.894
2219	2.894
2220	2.893
2221	2.893
2222	2.893
2223	2.892
2224	2.892
2225	2.892
2226	2.891
2227	2.891
2228	2.891
2229	2.890
2230	2.890
2231	2.890
2232	2.889
2233	2.889
2234	2.889
2235	2.888
2236	2.888
2237	2.887
2238	2.887
2239	2.887
2240	2.887
2241	2.886
2242	2.886
2243	2.886
2244	2.886
2245	2.885
2246	2.885
2247	2.885
2248	2.884
2249	2.884
2250	2.884
2251	2.884
2252	2.884
2253	2.884
2254	2.884
2255	2.884
2256	2.884
2257	2.884
2258	2.884
2259	2.884
2260	2.884
2261	2.884
2262	2.884
2263	2.884
2264	2.884
2265	2.884
2266	2.884
2267	2.884
2268	2.884
2269	2.884
2270	2.885
2271	2.885
2272	2.885
2273	2.885
2274	2.885
2275	2.885
2276	2.885
2277	2.886
2278	2.886
2279	2.886
2280	2.886
2281	2.886
2282	2.886
2283	2.886
2284	2.887
2285	2.887
2286	2.886
2287	2.886
2288	2.887
2289	2.886
2290	2.886
2291	2.886
2292	2.886
2293	2.887
2294	2.886
2295	2.887
2296	2.887
2297	2.887
2298	2.887
2299	2.887
2300	2.887
2301	2.887
2302	2.887
2303	2.887
2304	2.887
2305	2.887
2306	2.887
2307	2.887
2308	2.887
2309	2.887
2310	2.887
2311	2.887
2312	2.887
2313	2.887
2314	2.887
2315	2.886
2316	2.886
2317	2.886
2318	2.886
2319	2.886
2320	2.886
2321	2.886
2322	2.886
2323	2.886
2324	2.886
2325	2.886
2326	2.886
2327	2.886
2328	2.886
2329	2.886
2330	2.886
2331	2.886
2332	2.886
2333	2.885
2334	2.885
2335	2.885
2336	2.885
2337	2.885
2338	2.885
2339	2.885
2340	2.885
2341	2.885
2342	2.885
2343	2.885
2344	2.885
2345	2.885
2346	2.885
2347	2.885
2348	2.885
2349	2.885
2350	2.885
2351	2.885
2352	2.886
2353	2.886
2354	2.887
2355	2.887
2356	2.888
2357	2.889
2358	2.889
2359	2.890
2360	2.892
2361	2.893
2362	2.894
2363	2.896
2364	2.898
2365	2.900
2366	2.902
2367	2.904
2368	2.907
2369	2.909
2370	2.912
2371	2.915
2372	2.919
2373	2.922
2374	2.926
2375	2.930
2376	2.934
2377	2.939
2378	2.943
2379	2.948
2380	2.953
2381	2.958
2382	2.963
2383	2.969
2384	2.974
2385	2.980
2386	2.985
2387	2.991
2388	2.997
2389	3.003
2390	3.009
2391	3.015
2392	3.021
2393	3.027
2394	3.033
2395	3.039
2396	3.045
2397	3.051
2398	3.057
2399	3.063
2400	3.068
2401	3.074
2402	3.080
2403	3.085
2404	3.090
2405	3.096
2406	3.101
2407	3.106
2408	3.111
2409	3.115
2410	3.120
2411	3.124
2412	3.128
2413	3.133
2414	3.137
2415	3.140
2416	3.144
2417	3.148
2418	3.152
2419	3.155
2420	3.158
2421	3.161
2422	3.164
2423	3.167
2424	3.170
2425	3.173
2426	3.176
2427	3.178
2428	3.181
2429	3.183
2430	3.185
2431	3.187
2432	3.189
2433	3.191
2434	3.192
2435	3.194
2436	3.195
2437	3.196
2438	3.197
2439	3.198
2440	3.199
2441	3.200
2442	3.200
2443	3.201
2444	3.201
2445	3.202
2446	3.202
2447	3.202
2448	3.202
2449	3.202
2450	3.202
2451	3.202
2452	3.202
2453	3.201
2454	3.201
2455	3.201
2456	3.200
2457	3.199
2458	3.199
2459	3.198
2460	3.197
2461	3.197
2462	3.196
2463	3.195
2464	3.194
2465	3.193
2466	3.192
2467	3.191
2468	3.189
2469	3.188
2470	3.187
2471	3.186
2472	3.185
2473	3.184
2474	3.182
2475	3.181
2476	3.180
2477	3.179
2478	3.177
2479	3.176
2480	3.175
2481	3.173
2482	3.172
2483	3.170
2484	3.168
2485	3.167
2486	3.165
2487	3.164
2488	3.162
2489	3.160
2490	3.159
2491	3.157
2492	3.155
2493	3.153
2494	3.151
2495	3.150
2496	3.148
2497	3.146
2498	3.145
2499	3.143
2500	3.141
2501	3.139
2502	3.137
2503	3.135
2504	3.134
2505	3.132
2506	3.130
2507	3.128
2508	3.126
2509	3.125
2510	3.123
2511	3.121
2512	3.119
2513	3.118
2514	3.116
2515	3.114
2516	3.112
2517	3.111
2518	3.109
2519	3.107
2520	3.106
2521	3.104
2522	3.103
2523	3.101
2524	3.099
2525	3.098
2526	3.096
2527	3.095
2528	3.093
2529	3.092
2530	3.090
2531	3.089
2532	3.087
2533	3.086
2534	3.084
2535	3.083
2536	3.081
2537	3.079
2538	3.078
2539	3.077
2540	3.075
2541	3.074
2542	3.072
2543	3.071
2544	3.070
2545	3.068
2546	3.067
2547	3.065
2548	3.064
2549	3.063
2550	3.061
2551	3.060
2552	3.059
2553	3.057
2554	3.056
2555	3.055
2556	3.054
2557	3.052
2558	3.051
2559	3.050
2560	3.049
2561	3.048
2562	3.047
2563	3.046
2564	3.045
2565	3.044
2566	3.043
2567	3.042
2568	3.040
2569	3.040
2570	3.038
2571	3.037
2572	3.036
2573	3.035
2574	3.034
2575	3.033
2576	3.032
2577	3.031
2578	3.030
2579	3.029
2580	3.028
2581	3.027
2582	3.026
2583	3.025
2584	3.024
2585	3.023
2586	3.023
2587	3.022
2588	3.021
2589	3.020
2590	3.019
2591	3.018
2592	3.017
2593	3.016
2594	3.016
2595	3.015
2596	3.014
2597	3.013
2598	3.012
2599	3.011
2600	3.011
2601	3.010
2602	3.009
2603	3.008
2604	3.007
2605	3.007
2606	3.006
2607	3.005
2608	3.004
2609	3.004
2610	3.003
2611	3.002
2612	3.001
2613	3.001
2614	3.000
2615	2.999
2616	2.999
2617	2.998
2618	2.997
2619	2.997
2620	2.996
2621	2.995
2622	2.995
2623	2.994
2624	2.993
2625	2.993
2626	2.992
2627	2.992
2628	2.991
2629	2.990
2630	2.990
2631	2.989
2632	2.988
2633	2.988
2634	2.987
2635	2.987
2636	2.986
2637	2.985
2638	2.985
2639	2.984
2640	2.984
2641	2.983
2642	2.983
2643	2.982
2644	2.981
2645	2.981
2646	2.980
2647	2.980
2648	2.979
2649	2.978
2650	2.978
2651	2.977
2652	2.977
2653	2.976
2654	2.976
2655	2.975
2656	2.975
2657	2.974
2658	2.974
2659	2.973
2660	2.973
2661	2.973
2662	2.972
2663	2.972
2664	2.972
2665	2.972
2666	2.971
2667	2.972
2668	2.972
2669	2.972
2670	2.972
2671	2.973
2672	2.973
2673	2.974
2674	2.975
2675	2.976
2676	2.977
2677	2.978
2678	2.979
2679	2.981
2680	2.983
2681	2.985
2682	2.987
2683	2.989
2684	2.991
2685	2.994
2686	2.997
2687	2.999
2688	3.002
2689	3.006
2690	3.009
2691	3.012
2692	3.016
2693	3.019
2694	4.012
2695	232.558
2696	232.558
2697	232.558
2698	232.558
2699	232.558
2700	232.558
2701	232.558
2702	232.558
2703	232.558
2704	232.558
2705	232.558
2706	232.558
2707	232.558
2708	232.558
2709	232.558
2710	232.558
2711	232.558
2712	232.558
2713	232.558
2714	232.558
2715	232.558
2716	232.558
2717	232.558
2718	232.558
2719	232.558
2720	232.558
2721	232.558
2722	232.558
2723	232.558
2724	232.558
2725	232.558
2726	232.558
2727	232.558
2728	232.558
2729	232.558
2730	232.558
2731	232.558
2732	232.558
2733	232.558
2734	232.558
2735	232.558
2736	232.558
2737	232.558
2738	232.558
2739	232.558
2740	232.558
2741	232.558
2742	232.558
2743	232.558
2744	232.558
2745	232.558
2746	232.558
2747	232.558
2748	232.558
2749	232.558
2750	232.558
2751	232.558

<Unbearbeitete Daten exportiert>
