0	6.098
1	4.790
2	4.789
3	4.788
4	4.786
5	4.785
6	4.784
7	4.783
8	4.782
9	4.781
10	4.779
11	4.778
12	4.778
13	4.776
14	4.775
15	4.774
16	4.773
17	4.772
18	4.771
19	4.771
20	4.770
21	4.769
22	4.768
23	4.767
24	4.766
25	4.766
26	4.765
27	4.764
28	4.763
29	4.762
30	4.761
31	4.761
32	4.760
33	4.759
34	4.759
35	4.758
36	4.757
37	4.757
38	4.756
39	4.756
40	4.755
41	4.754
42	4.754
43	4.753
44	4.752
45	4.752
46	4.751
47	4.750
48	4.749
49	4.749
50	4.748
51	4.747
52	4.746
53	4.746
54	4.745
55	4.744
56	4.743
57	4.743
58	4.742
59	4.741
60	4.759
61	4.764
62	4.763
63	4.762
64	4.761
65	4.760
66	4.759
67	4.758
68	4.757
69	4.756
70	4.755
71	4.754
72	4.753
73	4.752
74	4.751
75	4.750
76	4.749
77	4.748
78	4.747
79	4.746
80	4.745
81	4.744
82	4.743
83	4.742
84	4.741
85	4.740
86	4.739
87	4.738
88	4.737
89	4.736
90	4.735
91	4.734
92	4.733
93	4.732
94	4.731
95	4.730
96	4.729
97	4.728
98	4.727
99	4.726
100	4.725
101	4.724
102	4.723
103	4.722
104	4.722
105	4.720
106	4.720
107	4.719
108	4.718
109	4.717
110	4.716
111	4.715
112	4.714
113	4.713
114	4.712
115	4.711
116	4.710
117	4.709
118	4.709
119	4.707
120	4.707
121	4.706
122	4.704
123	4.703
124	4.702
125	4.701
126	4.700
127	4.700
128	4.698
129	4.698
130	4.697
131	4.695
132	4.694
133	4.693
134	4.692
135	4.691
136	4.690
137	4.689
138	4.688
139	4.687
140	4.687
141	4.686
142	4.685
143	4.684
144	4.683
145	4.682
146	4.681
147	4.681
148	4.680
149	4.679
150	4.678
151	4.678
152	4.677
153	4.676
154	4.676
155	4.675
156	4.674
157	4.674
158	4.674
159	4.673
160	4.673
161	4.673
162	4.674
163	4.674
164	4.675
165	4.675
166	4.676
167	4.677
168	4.678
169	4.680
170	4.681
171	4.683
172	4.685
173	4.686
174	4.688
175	4.690
176	4.692
177	4.694
178	4.696
179	4.698
180	4.701
181	4.703
182	4.705
183	4.707
184	4.710
185	4.712
186	4.714
187	4.716
188	4.718
189	4.720
190	4.722
191	4.724
192	4.726
193	4.727
194	4.729
195	4.731
196	4.732
197	4.734
198	4.735
199	4.736
200	4.737
201	4.738
202	4.739
203	4.740
204	4.741
205	4.742
206	4.742
207	4.743
208	4.743
209	4.744
210	4.745
211	4.745
212	4.745
213	4.745
214	4.746
215	4.746
216	4.747
217	4.746
218	4.747
219	4.747
220	4.747
221	4.747
222	4.748
223	4.748
224	4.748
225	4.749
226	4.749
227	4.749
228	4.750
229	4.751
230	4.751
231	4.752
232	4.753
233	4.754
234	4.754
235	4.755
236	4.756
237	4.757
238	4.759
239	4.760
240	4.761
241	4.762
242	4.764
243	4.765
244	4.767
245	4.769
246	4.770
247	4.771
248	4.772
249	4.773
250	4.774
251	4.775
252	4.776
253	4.777
254	4.777
255	4.778
256	4.778
257	4.779
258	4.779
259	4.779
260	4.779
261	4.779
262	4.779
263	4.779
264	4.779
265	4.779
266	4.778
267	4.778
268	4.778
269	4.777
270	4.777
271	4.776
272	4.776
273	4.775
274	4.774
275	4.773
276	4.773
277	4.772
278	4.771
279	4.770
280	4.769
281	4.768
282	4.767
283	4.766
284	4.765
285	4.764
286	4.762
287	4.761
288	4.760
289	4.759
290	4.758
291	4.757
292	4.755
293	4.754
294	4.753
295	4.752
296	4.750
297	4.749
298	4.748
299	4.747
300	4.745
301	4.744
302	4.743
303	4.742
304	4.740
305	4.739
306	4.738
307	4.736
308	4.735
309	4.734
310	4.733
311	4.732
312	4.731
313	4.730
314	4.729
315	4.728
316	4.726
317	4.725
318	4.725
319	4.723
320	4.723
321	4.722
322	4.721
323	4.720
324	4.719
325	4.719
326	4.718
327	4.717
328	4.717
329	4.716
330	4.716
331	4.715
332	4.714
333	4.713
334	4.712
335	4.712
336	4.711
337	4.710
338	4.709
339	4.708
340	4.708
341	4.707
342	4.706
343	4.705
344	4.705
345	4.704
346	4.703
347	4.703
348	4.702
349	4.702
350	4.701
351	4.700
352	4.700
353	4.700
354	4.699
355	4.699
356	4.698
357	4.697
358	4.697
359	4.696
360	4.696
361	4.695
362	4.695
363	4.694
364	4.693
365	4.693
366	4.692
367	4.692
368	4.691
369	4.691
370	4.691
371	4.691
372	4.692
373	4.692
374	4.692
375	4.693
376	4.694
377	4.695
378	4.696
379	4.697
380	4.699
381	4.700
382	4.702
383	4.704
384	4.706
385	4.708
386	4.711
387	4.713
388	4.715
389	4.718
390	4.720
391	4.722
392	4.725
393	4.727
394	4.730
395	4.732
396	4.735
397	4.736
398	4.739
399	4.740
400	4.742
401	4.744
402	4.746
403	4.747
404	4.748
405	4.750
406	4.750
407	4.752
408	4.752
409	4.753
410	4.754
411	4.754
412	4.755
413	4.755
414	4.755
415	4.755
416	4.755
417	4.755
418	4.754
419	4.754
420	4.753
421	4.753
422	4.753
423	4.752
424	4.752
425	4.751
426	4.750
427	4.749
428	4.748
429	4.748
430	4.747
431	4.746
432	4.745
433	4.744
434	4.743
435	4.742
436	4.740
437	4.739
438	4.738
439	4.737
440	4.736
441	4.735
442	4.733
443	4.732
444	4.731
445	4.730
446	4.728
447	4.728
448	4.726
449	4.725
450	4.724
451	4.723
452	4.722
453	4.720
454	4.719
455	4.718
456	4.716
457	4.715
458	4.714
459	4.712
460	4.711
461	4.710
462	4.708
463	4.707
464	4.706
465	4.705
466	4.704
467	4.702
468	4.701
469	4.700
470	4.699
471	4.698
472	4.696
473	4.695
474	4.694
475	4.693
476	4.692
477	4.691
478	4.690
479	4.689
480	4.688
481	4.687
482	4.686
483	4.685
484	4.684
485	4.683
486	4.682
487	4.681
488	4.680
489	4.679
490	4.678
491	4.677
492	4.676
493	4.675
494	4.674
495	4.673
496	4.672
497	4.671
498	4.670
499	4.670
500	4.669
501	4.668
502	4.667
503	4.666
504	4.666
505	4.665
506	4.664
507	4.664
508	4.663
509	4.662
510	4.662
511	4.661
512	4.660
513	4.660
514	4.659
515	4.658
516	4.658
517	4.657
518	4.656
519	4.656
520	4.655
521	4.654
522	4.654
523	4.653
524	4.652
525	4.651
526	4.651
527	4.651
528	4.650
529	4.649
530	4.649
531	4.648
532	4.648
533	4.647
534	4.646
535	4.645
536	4.645
537	4.644
538	4.643
539	4.643
540	4.642
541	4.641
542	4.640
543	4.640
544	4.639
545	4.638
546	4.638
547	4.637
548	4.636
549	4.636
550	4.635
551	4.634
552	4.634
553	4.634
554	4.633
555	4.633
556	4.633
557	4.633
558	4.633
559	4.633
560	4.633
561	4.633
562	4.634
563	4.633
564	4.633
565	4.634
566	4.634
567	4.634
568	4.634
569	4.634
570	4.635
571	4.634
572	4.635
573	4.635
574	4.635
575	4.635
576	4.635
577	4.636
578	4.636
579	4.636
580	4.636
581	4.636
582	4.637
583	4.637
584	4.637
585	4.637
586	4.637
587	4.637
588	4.637
589	4.637
590	4.637
591	4.637
592	4.636
593	4.636
594	4.636
595	4.636
596	4.636
597	4.635
598	4.635
599	4.635
600	4.635
601	4.634
602	4.634
603	4.634
604	4.633
605	4.633
606	4.633
607	4.632
608	4.632
609	4.631
610	4.631
611	4.631
612	4.630
613	4.630
614	4.629
615	4.629
616	4.628
617	4.628
618	4.628
619	4.627
620	4.627
621	4.626
622	4.626
623	4.625
624	4.625
625	4.624
626	4.624
627	4.623
628	4.622
629	4.622
630	4.621
631	4.621
632	4.620
633	4.620
634	4.619
635	4.618
636	4.618
637	4.617
638	4.617
639	4.616
640	4.615
641	4.615
642	4.614
643	4.613
644	4.613
645	4.612
646	4.611
647	4.611
648	4.610
649	4.610
650	4.609
651	4.609
652	4.608
653	4.608
654	4.607
655	4.607
656	4.606
657	4.606
658	4.606
659	4.605
660	4.605
661	4.605
662	4.604
663	4.604
664	4.604
665	4.604
666	4.604
667	4.604
668	4.604
669	4.604
670	4.604
671	4.603
672	4.604
673	4.604
674	4.604
675	4.604
676	4.605
677	4.605
678	4.605
679	4.605
680	4.606
681	4.606
682	4.607
683	4.607
684	4.608
685	4.608
686	4.609
687	4.609
688	4.610
689	4.611
690	4.611
691	4.612
692	4.612
693	4.613
694	4.613
695	4.614
696	4.614
697	4.615
698	4.615
699	4.616
700	4.616
701	4.617
702	4.618
703	4.618
704	4.619
705	4.620
706	4.620
707	4.621
708	4.622
709	4.623
710	4.624
711	4.626
712	4.627
713	4.628
714	4.630
715	4.632
716	4.634
717	4.636
718	4.638
719	4.640
720	4.641
721	4.643
722	4.645
723	4.646
724	4.648
725	4.650
726	4.652
727	4.654
728	4.657
729	4.659
730	4.661
731	4.662
732	4.665
733	4.666
734	4.668
735	4.670
736	4.672
737	4.674
738	4.676
739	4.677
740	4.678
741	4.680
742	4.681
743	4.683
744	4.684
745	4.685
746	4.686
747	4.687
748	4.688
749	4.689
750	4.689
751	4.690
752	4.690
753	4.691
754	4.691
755	4.692
756	4.692
757	4.692
758	4.692
759	4.692
760	4.692
761	4.692
762	4.692
763	4.692
764	4.692
765	4.691
766	4.691
767	4.691
768	4.690
769	4.690
770	4.689
771	4.689
772	4.688
773	4.687
774	4.687
775	4.686
776	4.685
777	4.684
778	4.683
779	4.683
780	4.682
781	4.681
782	4.680
783	4.679
784	4.678
785	4.677
786	4.676
787	4.675
788	4.674
789	4.673
790	4.672
791	4.671
792	4.670
793	4.669
794	4.668
795	4.667
796	4.666
797	4.665
798	4.664
799	4.663
800	4.662
801	4.662
802	4.661
803	4.660
804	4.659
805	4.658
806	4.657
807	4.657
808	4.656
809	4.656
810	4.655
811	4.655
812	4.654
813	4.654
814	4.653
815	4.652
816	4.652
817	4.651
818	4.651
819	4.650
820	4.649
821	4.649
822	4.648
823	4.647
824	4.647
825	4.646
826	4.646
827	4.645
828	4.644
829	4.643
830	4.643
831	4.642
832	4.642
833	4.641
834	4.640
835	4.640
836	4.639
837	4.639
838	4.638
839	4.638
840	4.637
841	4.637
842	4.636
843	4.635
844	4.635
845	4.635
846	4.634
847	4.634
848	4.633
849	4.632
850	4.632
851	4.631
852	4.630
853	4.630
854	4.629
855	4.628
856	4.628
857	4.627
858	4.627
859	4.626
860	4.625
861	4.625
862	4.624
863	4.623
864	4.623
865	4.622
866	4.621
867	4.621
868	4.620
869	4.619
870	4.619
871	4.618
872	4.617
873	4.616
874	4.616
875	4.615
876	4.615
877	4.614
878	4.613
879	4.612
880	4.611
881	4.611
882	4.610
883	4.609
884	4.609
885	4.608
886	4.607
887	4.607
888	4.606
889	4.605
890	4.605
891	4.604
892	4.603
893	4.602
894	4.602
895	4.601
896	4.600
897	4.600
898	4.599
899	4.598
900	4.597
901	4.597
902	4.596
903	4.595
904	4.594
905	4.594
906	4.593
907	4.592
908	4.591
909	4.591
910	4.590
911	4.589
912	4.588
913	4.588
914	4.587
915	4.586
916	4.585
917	4.584
918	4.584
919	4.583
920	4.582
921	4.582
922	4.581
923	4.580
924	4.580
925	4.579
926	4.578
927	4.578
928	4.577
929	4.576
930	4.575
931	4.575
932	4.574
933	4.573
934	4.572
935	4.572
936	4.571
937	4.570
938	4.570
939	4.569
940	4.568
941	4.567
942	4.566
943	4.566
944	4.565
945	4.565
946	4.564
947	4.563
948	4.562
949	4.561
950	4.561
951	4.560
952	4.560
953	4.559
954	4.558
955	4.557
956	4.557
957	4.556
958	4.556
959	4.555
960	4.554
961	4.554
962	4.553
963	4.552
964	4.551
965	4.551
966	4.550
967	4.549
968	4.549
969	4.548
970	4.547
971	4.547
972	4.546
973	4.545
974	4.545
975	4.544
976	4.543
977	4.543
978	4.542
979	4.541
980	4.541
981	4.540
982	4.540
983	4.539
984	4.538
985	4.538
986	4.537
987	4.537
988	4.536
989	4.535
990	4.534
991	4.534
992	4.533
993	4.533
994	4.532
995	4.531
996	4.530
997	4.530
998	4.529
999	4.529
1000	4.528
1001	4.527
1002	4.526
1003	4.526
1004	4.525
1005	4.524
1006	4.524
1007	4.523
1008	4.523
1009	4.522
1010	4.522
1011	4.521
1012	4.520
1013	4.520
1014	4.519
1015	4.518
1016	4.518
1017	4.517
1018	4.516
1019	4.516
1020	4.515
1021	4.514
1022	4.513
1023	4.513
1024	4.512
1025	4.512
1026	4.511
1027	4.510
1028	4.510
1029	4.509
1030	4.508
1031	4.508
1032	4.507
1033	4.507
1034	4.506
1035	4.506
1036	4.505
1037	4.505
1038	4.505
1039	4.504
1040	4.504
1041	4.503
1042	4.503
1043	4.503
1044	4.503
1045	4.502
1046	4.502
1047	4.502
1048	4.501
1049	4.501
1050	4.500
1051	4.500
1052	4.500
1053	4.500
1054	4.500
1055	4.499
1056	4.499
1057	4.498
1058	4.498
1059	4.498
1060	4.498
1061	4.498
1062	4.498
1063	4.497
1064	4.497
1065	4.497
1066	4.497
1067	4.497
1068	4.496
1069	4.496
1070	4.496
1071	4.496
1072	4.495
1073	4.495
1074	4.495
1075	4.495
1076	4.494
1077	4.494
1078	4.494
1079	4.494
1080	4.493
1081	4.493
1082	4.492
1083	4.492
1084	4.492
1085	4.491
1086	4.491
1087	4.491
1088	4.491
1089	4.490
1090	4.490
1091	4.490
1092	4.489
1093	4.489
1094	4.489
1095	4.488
1096	4.488
1097	4.487
1098	4.487
1099	4.487
1100	4.486
1101	4.486
1102	4.485
1103	4.485
1104	4.484
1105	4.484
1106	4.483
1107	4.483
1108	4.482
1109	4.482
1110	4.481
1111	4.481
1112	4.481
1113	4.480
1114	4.479
1115	4.479
1116	4.478
1117	4.478
1118	4.477
1119	4.477
1120	4.476
1121	4.476
1122	4.475
1123	4.475
1124	4.474
1125	4.474
1126	4.473
1127	4.473
1128	4.472
1129	4.472
1130	4.471
1131	4.470
1132	4.470
1133	4.469
1134	4.468
1135	4.468
1136	4.468
1137	4.467
1138	4.466
1139	4.466
1140	4.465
1141	4.465
1142	4.464
1143	4.464
1144	4.463
1145	4.463
1146	4.462
1147	4.462
1148	4.461
1149	4.461
1150	4.460
1151	4.460
1152	4.459
1153	4.459
1154	4.458
1155	4.457
1156	4.457
1157	4.457
1158	4.456
1159	4.455
1160	4.455
1161	4.454
1162	4.454
1163	4.453
1164	4.453
1165	4.452
1166	4.452
1167	4.451
1168	4.451
1169	4.450
1170	4.450
1171	4.450
1172	4.449
1173	4.449
1174	4.448
1175	4.448
1176	4.448
1177	4.447
1178	4.447
1179	4.446
1180	4.446
1181	4.446
1182	4.446
1183	4.445
1184	4.445
1185	4.444
1186	4.444
1187	4.444
1188	4.443
1189	4.443
1190	4.442
1191	4.442
1192	4.442
1193	4.441
1194	4.441
1195	4.441
1196	4.440
1197	4.440
1198	4.439
1199	4.439
1200	4.439
1201	4.439
1202	4.438
1203	4.438
1204	4.438
1205	4.437
1206	4.437
1207	4.437
1208	4.436
1209	4.436
1210	4.436
1211	4.435
1212	4.435
1213	4.435
1214	4.435
1215	4.434
1216	4.434
1217	4.434
1218	4.433
1219	4.433
1220	4.433
1221	4.432
1222	4.432
1223	4.432
1224	4.431
1225	4.431
1226	4.431
1227	4.430
1228	4.430
1229	4.430
1230	4.430
1231	4.430
1232	4.429
1233	4.429
1234	4.429
1235	4.429
1236	4.429
1237	4.429
1238	4.428
1239	4.428
1240	4.428
1241	4.428
1242	4.427
1243	4.427
1244	4.427
1245	4.427
1246	4.427
1247	4.426
1248	4.426
1249	4.426
1250	4.426
1251	4.426
1252	4.426
1253	4.425
1254	4.425
1255	4.425
1256	4.425
1257	4.425
1258	4.424
1259	4.424
1260	4.424
1261	4.424
1262	4.423
1263	4.423
1264	4.423
1265	4.423
1266	4.423
1267	4.422
1268	4.422
1269	4.422
1270	4.421
1271	4.421
1272	4.421
1273	4.421
1274	4.421
1275	4.420
1276	4.420
1277	4.419
1278	4.419
1279	4.419
1280	4.419
1281	4.418
1282	4.418
1283	4.418
1284	4.418
1285	4.417
1286	4.417
1287	4.417
1288	4.416
1289	4.416
1290	4.416
1291	4.416
1292	4.416
1293	4.416
1294	4.415
1295	4.415
1296	4.415
1297	4.415
1298	4.415
1299	4.414
1300	4.414
1301	4.414
1302	4.414
1303	4.414
1304	4.414
1305	4.414
1306	4.413
1307	4.413
1308	4.413
1309	4.413
1310	4.413
1311	4.413
1312	4.413
1313	4.413
1314	4.413
1315	4.413
1316	4.413
1317	4.413
1318	4.414
1319	4.414
1320	4.415
1321	4.416
1322	4.416
1323	4.417
1324	4.419
1325	4.420
1326	4.421
1327	4.423
1328	4.425
1329	4.427
1330	4.429
1331	4.431
1332	4.434
1333	4.436
1334	4.439
1335	4.442
1336	4.445
1337	4.449
1338	4.453
1339	4.456
1340	4.460
1341	4.464
1342	4.468
1343	4.473
1344	4.477
1345	4.481
1346	4.486
1347	4.490
1348	4.494
1349	4.498
1350	4.502
1351	4.506
1352	4.510
1353	4.514
1354	4.518
1355	4.521
1356	4.525
1357	4.529
1358	4.532
1359	4.535
1360	4.539
1361	4.543
1362	4.546
1363	4.549
1364	4.552
1365	4.555
1366	4.558
1367	4.561
1368	4.564
1369	4.566
1370	4.568
1371	4.570
1372	4.572
1373	4.575
1374	4.576
1375	4.578
1376	4.580
1377	4.581
1378	4.583
1379	4.584
1380	4.585
1381	4.586
1382	4.587
1383	4.587
1384	4.588
1385	4.588
1386	4.589
1387	4.589
1388	4.589
1389	4.590
1390	4.590
1391	4.590
1392	4.590
1393	4.590
1394	4.590
1395	4.590
1396	4.590
1397	4.589
1398	4.589
1399	4.589
1400	4.588
1401	4.588
1402	4.587
1403	4.587
1404	4.586
1405	4.586
1406	4.585
1407	4.584
1408	4.584
1409	4.583
1410	4.582
1411	4.581
1412	4.581
1413	4.580
1414	4.579
1415	4.578
1416	4.577
1417	4.576
1418	4.575
1419	4.574
1420	4.573
1421	4.572
1422	4.571
1423	4.570
1424	4.570
1425	4.568
1426	4.568
1427	4.567
1428	4.566
1429	4.565
1430	4.564
1431	4.563
1432	4.562
1433	4.561
1434	4.560
1435	4.559
1436	4.558
1437	4.556
1438	4.556
1439	4.555
1440	4.554
1441	4.552
1442	4.552
1443	4.550
1444	4.549
1445	4.548
1446	4.547
1447	4.546
1448	4.545
1449	4.544
1450	4.543
1451	4.542
1452	4.541
1453	4.540
1454	4.539
1455	4.538
1456	4.537
1457	4.536
1458	4.535
1459	4.534
1460	4.533
1461	4.532
1462	4.531
1463	4.530
1464	4.529
1465	4.528
1466	4.528
1467	4.526
1468	4.525
1469	4.524
1470	4.523
1471	4.523
1472	4.522
1473	4.521
1474	4.520
1475	4.519
1476	4.518
1477	4.517
1478	4.516
1479	4.515
1480	4.514
1481	4.513
1482	4.513
1483	4.512
1484	4.511
1485	4.510
1486	4.509
1487	4.509
1488	4.508
1489	4.507
1490	4.506
1491	4.506
1492	4.505
1493	4.504
1494	4.503
1495	4.502
1496	4.502
1497	4.501
1498	4.501
1499	4.500
1500	4.500
1501	4.499
1502	4.499
1503	4.498
1504	4.497
1505	4.497
1506	4.496
1507	4.496
1508	4.496
1509	4.495
1510	4.495
1511	4.495
1512	4.495
1513	4.494
1514	4.494
1515	4.494
1516	4.494
1517	4.494
1518	4.494
1519	4.494
1520	4.494
1521	4.494
1522	4.494
1523	4.494
1524	4.494
1525	4.494
1526	4.494
1527	4.494
1528	4.494
1529	4.495
1530	4.495
1531	4.495
1532	4.494
1533	4.494
1534	4.495
1535	4.495
1536	4.495
1537	4.495
1538	4.494
1539	4.495
1540	4.495
1541	4.494
1542	4.494
1543	4.495
1544	4.495
1545	4.494
1546	4.494
1547	4.494
1548	4.494
1549	4.494
1550	4.494
1551	4.493
1552	4.493
1553	4.493
1554	4.493
1555	4.492
1556	4.492
1557	4.491
1558	4.491
1559	4.491
1560	4.490
1561	4.490
1562	4.489
1563	4.489
1564	4.489
1565	4.488
1566	4.488
1567	4.487
1568	4.487
1569	4.486
1570	4.486
1571	4.485
1572	4.485
1573	4.484
1574	4.484
1575	4.483
1576	4.483
1577	4.482
1578	4.482
1579	4.481
1580	4.480
1581	4.480
1582	4.479
1583	4.478
1584	4.478
1585	4.477
1586	4.477
1587	4.476
1588	4.475
1589	4.474
1590	4.474
1591	4.474
1592	4.473
1593	4.472
1594	4.472
1595	4.471
1596	4.471
1597	4.470
1598	4.469
1599	4.469
1600	4.468
1601	4.468
1602	4.467
1603	4.467
1604	4.466
1605	4.465
1606	4.465
1607	4.464
1608	4.463
1609	4.463
1610	4.462
1611	4.462
1612	4.461
1613	4.460
1614	4.459
1615	4.459
1616	4.458
1617	4.458
1618	4.457
1619	4.456
1620	4.456
1621	4.455
1622	4.455
1623	4.454
1624	4.454
1625	4.453
1626	4.453
1627	4.452
1628	4.451
1629	4.451
1630	4.450
1631	4.450
1632	4.449
1633	4.448
1634	4.448
1635	4.447
1636	4.446
1637	4.446
1638	4.445
1639	4.445
1640	4.444
1641	4.443
1642	4.443
1643	4.442
1644	4.441
1645	4.441
1646	4.440
1647	4.440
1648	4.439
1649	4.438
1650	4.438
1651	4.437
1652	4.437
1653	4.436
1654	4.435
1655	4.435
1656	4.434
1657	4.434
1658	4.433
1659	4.432
1660	4.432
1661	4.431
1662	4.430
1663	4.430
1664	4.429
1665	4.428
1666	4.428
1667	4.427
1668	4.426
1669	4.426
1670	4.425
1671	4.425
1672	4.424
1673	4.424
1674	4.423
1675	4.422
1676	4.422
1677	4.421
1678	4.421
1679	4.420
1680	4.420
1681	4.419
1682	4.419
1683	4.419
1684	4.418
1685	4.418
1686	4.417
1687	4.417
1688	4.416
1689	4.416
1690	4.415
1691	4.415
1692	4.415
1693	4.414
1694	4.414
1695	4.413
1696	4.413
1697	4.413
1698	4.412
1699	4.412
1700	4.412
1701	4.411
1702	4.411
1703	4.411
1704	4.410
1705	4.410
1706	4.410
1707	4.410
1708	4.409
1709	4.409
1710	4.409
1711	4.408
1712	4.408
1713	4.408
1714	4.408
1715	4.407
1716	4.407
1717	4.407
1718	4.407
1719	4.406
1720	4.406
1721	4.406
1722	4.406
1723	4.406
1724	4.406
1725	4.405
1726	4.405
1727	4.405
1728	4.405
1729	4.404
1730	4.404
1731	4.404
1732	4.404
1733	4.403
1734	4.403
1735	4.403
1736	4.403
1737	4.403
1738	4.402
1739	4.402
1740	4.402
1741	4.402
1742	4.402
1743	4.401
1744	4.401
1745	4.401
1746	4.401
1747	4.400
1748	4.400
1749	4.400
1750	4.400
1751	4.399
1752	4.399
1753	4.399
1754	4.398
1755	4.398
1756	4.398
1757	4.397
1758	4.397
1759	4.397
1760	4.397
1761	4.396
1762	4.396
1763	4.396
1764	4.395
1765	4.395
1766	4.395
1767	4.395
1768	4.394
1769	4.394
1770	4.394
1771	4.393
1772	4.393
1773	4.393
1774	4.392
1775	4.392
1776	4.392
1777	4.391
1778	4.391
1779	4.391
1780	4.390
1781	4.390
1782	4.389
1783	4.389
1784	4.389
1785	4.389
1786	4.388
1787	4.388
1788	4.388
1789	4.387
1790	4.387
1791	4.387
1792	4.386
1793	4.386
1794	4.386
1795	4.386
1796	4.386
1797	4.385
1798	4.385
1799	4.385
1800	4.385
1801	4.384
1802	4.384
1803	4.384
1804	4.384
1805	4.384
1806	4.383
1807	4.383
1808	4.383
1809	4.382
1810	4.382
1811	4.382
1812	4.382
1813	4.381
1814	4.381
1815	4.381
1816	4.380
1817	4.380
1818	4.380
1819	4.380
1820	4.379
1821	4.379
1822	4.379
1823	4.379
1824	4.379
1825	4.378
1826	4.378
1827	4.377
1828	4.377
1829	4.377
1830	4.376
1831	4.376
1832	4.375
1833	4.375
1834	4.375
1835	4.374
1836	4.374
1837	4.373
1838	4.373
1839	4.372
1840	4.372
1841	4.372
1842	4.371
1843	4.370
1844	4.370
1845	4.370
1846	4.369
1847	4.369
1848	4.369
1849	4.368
1850	4.368
1851	4.367
1852	4.367
1853	4.367
1854	4.366
1855	4.366
1856	4.365
1857	4.365
1858	4.364
1859	4.364
1860	4.364
1861	4.363
1862	4.363
1863	4.362
1864	4.362
1865	4.362
1866	4.361
1867	4.361
1868	4.360
1869	4.360
1870	4.359
1871	4.359
1872	4.358
1873	4.358
1874	4.358
1875	4.357
1876	4.357
1877	4.357
1878	4.356
1879	4.356
1880	4.355
1881	4.355
1882	4.355
1883	4.354
1884	4.354
1885	4.353
1886	4.353
1887	4.353
1888	4.353
1889	4.352
1890	4.352
1891	4.351
1892	4.351
1893	4.351
1894	4.350
1895	4.350
1896	4.350
1897	4.349
1898	4.349
1899	4.349
1900	4.348
1901	4.348
1902	4.348
1903	4.347
1904	4.347
1905	4.347
1906	4.347
1907	4.346
1908	4.346
1909	4.346
1910	4.345
1911	4.345
1912	4.344
1913	4.344
1914	4.344
1915	4.343
1916	4.343
1917	4.343
1918	4.342
1919	4.342
1920	4.341
1921	4.341
1922	4.341
1923	4.340
1924	4.340
1925	4.340
1926	4.340
1927	4.340
1928	4.339
1929	4.339
1930	4.339
1931	4.339
1932	4.338
1933	4.338
1934	4.338
1935	4.338
1936	4.338
1937	4.338
1938	4.338
1939	4.337
1940	4.338
1941	4.338
1942	4.338
1943	4.338
1944	4.338
1945	4.339
1946	4.339
1947	4.339
1948	4.340
1949	4.340
1950	4.340
1951	4.340
1952	4.341
1953	4.341
1954	4.342
1955	4.342
1956	4.342
1957	4.343
1958	4.343
1959	4.344
1960	4.344
1961	4.345
1962	4.345
1963	4.345
1964	4.346
1965	4.346
1966	4.347
1967	4.347
1968	4.347
1969	4.347
1970	4.348
1971	4.348
1972	4.348
1973	4.348
1974	4.348
1975	4.348
1976	4.348
1977	4.348
1978	4.349
1979	4.349
1980	4.349
1981	4.349
1982	4.349
1983	4.349
1984	4.348
1985	4.349
1986	4.349
1987	4.348
1988	4.348
1989	4.349
1990	4.349
1991	4.349
1992	4.349
1993	4.349
1994	4.349
1995	4.349
1996	4.350
1997	4.350
1998	4.350
1999	4.350
2000	4.351
2001	4.351
2002	4.352
2003	4.352
2004	4.353
2005	4.353
2006	4.353
2007	4.354
2008	4.354
2009	4.355
2010	4.355
2011	4.356
2012	4.356
2013	4.357
2014	4.358
2015	4.358
2016	4.359
2017	4.359
2018	4.360
2019	4.360
2020	4.361
2021	4.362
2022	4.362
2023	4.363
2024	4.363
2025	4.364
2026	4.365
2027	4.365
2028	4.365
2029	4.366
2030	4.366
2031	4.367
2032	4.367
2033	4.368
2034	4.368
2035	4.368
2036	4.369
2037	4.369
2038	4.369
2039	4.370
2040	4.370
2041	4.370
2042	4.370
2043	4.370
2044	4.370
2045	4.370
2046	4.370
2047	4.370
2048	4.370
2049	4.370
2050	4.370
2051	4.370
2052	4.370
2053	4.370
2054	4.370
2055	4.370
2056	4.370
2057	4.370
2058	4.369
2059	4.369
2060	4.369
2061	4.369
2062	4.369
2063	4.368
2064	4.368
2065	4.368
2066	4.368
2067	4.367
2068	4.367
2069	4.367
2070	4.367
2071	4.367
2072	4.366
2073	4.366
2074	4.366
2075	4.366
2076	4.365
2077	4.365
2078	4.365
2079	4.365
2080	4.365
2081	4.365
2082	4.365
2083	4.365
2084	4.365
2085	4.366
2086	4.366
2087	4.366
2088	4.367
2089	4.368
2090	4.369
2091	4.370
2092	4.372
2093	4.374
2094	4.375
2095	4.377
2096	4.379
2097	4.382
2098	4.384
2099	4.387
2100	4.390
2101	4.393
2102	4.397
2103	4.400
2104	4.404
2105	4.408
2106	4.412
2107	4.416
2108	4.420
2109	4.424
2110	4.429
2111	4.433
2112	4.438
2113	4.443
2114	4.447
2115	4.452
2116	4.457
2117	4.462
2118	4.467
2119	4.472
2120	4.477
2121	4.483
2122	4.488
2123	4.493
2124	4.499
2125	4.504
2126	4.509
2127	4.515
2128	4.520
2129	4.525
2130	4.530
2131	4.535
2132	4.540
2133	4.544
2134	4.549
2135	4.553
2136	4.558
2137	4.562
2138	4.567
2139	4.571
2140	4.575
2141	4.580
2142	4.584
2143	4.588
2144	4.591
2145	4.595
2146	4.598
2147	4.602
2148	4.605
2149	4.608
2150	4.612
2151	4.615
2152	4.618
2153	4.621
2154	4.624
2155	4.627
2156	4.629
2157	4.631
2158	4.633
2159	4.635
2160	4.637
2161	4.638
2162	4.639
2163	4.641
2164	4.642
2165	4.642
2166	4.643
2167	4.643
2168	4.644
2169	4.644
2170	4.644
2171	4.644
2172	4.643
2173	4.643
2174	4.643
2175	4.643
2176	4.643
2177	4.642
2178	4.642
2179	4.641
2180	4.640
2181	4.640
2182	4.639
2183	4.638
2184	4.637
2185	4.635
2186	4.633
2187	4.632
2188	4.630
2189	4.629
2190	4.627
2191	4.625
2192	4.624
2193	4.622
2194	4.621
2195	4.619
2196	4.617
2197	4.615
2198	4.614
2199	4.612
2200	4.610
2201	4.609
2202	4.607
2203	4.605
2204	4.604
2205	4.602
2206	4.601
2207	4.599
2208	4.598
2209	4.596
2210	4.595
2211	4.593
2212	4.592
2213	4.591
2214	4.590
2215	4.590
2216	4.589
2217	4.589
2218	4.589
2219	4.590
2220	4.590
2221	4.591
2222	4.592
2223	4.593
2224	4.595
2225	4.597
2226	4.599
2227	4.602
2228	4.605
2229	4.608
2230	4.612
2231	4.615
2232	4.619
2233	4.623
2234	4.627
2235	4.632
2236	4.636
2237	4.640
2238	4.645
2239	4.649
2240	4.653
2241	4.658
2242	4.662
2243	4.666
2244	4.670
2245	4.675
2246	4.679
2247	4.683
2248	4.686
2249	4.690
2250	4.694
2251	4.697
2252	4.700
2253	4.703
2254	4.706
2255	4.709
2256	4.711
2257	4.714
2258	4.717
2259	4.719
2260	4.721
2261	4.723
2262	4.725
2263	4.726
2264	4.728
2265	4.729
2266	4.729
2267	4.730
2268	4.730
2269	4.731
2270	4.731
2271	4.731
2272	4.731
2273	4.731
2274	4.731
2275	4.730
2276	4.730
2277	4.730
2278	4.729
2279	4.728
2280	4.728
2281	4.727
2282	4.726
2283	4.725
2284	4.724
2285	4.723
2286	4.722
2287	4.721
2288	4.720
2289	4.719
2290	4.718
2291	4.716
2292	4.715
2293	4.714
2294	4.712
2295	4.711
2296	4.709
2297	4.708
2298	4.706
2299	4.704
2300	4.702
2301	4.700
2302	4.698
2303	4.696
2304	4.695
2305	4.693
2306	4.691
2307	4.689
2308	4.687
2309	4.686
2310	4.684
2311	4.682
2312	4.680
2313	4.678
2314	4.676
2315	4.674
2316	4.672
2317	4.670
2318	4.668
2319	4.667
2320	4.665
2321	4.663
2322	4.661
2323	4.660
2324	4.658
2325	4.656
2326	4.655
2327	4.653
2328	4.651
2329	4.649
2330	4.648
2331	4.646
2332	4.645
2333	4.643
2334	4.641
2335	4.640
2336	4.638
2337	4.637
2338	4.635
2339	4.634
2340	4.632
2341	4.630
2342	4.629
2343	4.627
2344	4.626
2345	4.625
2346	4.623
2347	4.622
2348	4.620
2349	4.619
2350	4.617
2351	4.616
2352	4.615
2353	4.613
2354	4.612
2355	4.611
2356	4.609
2357	4.608
2358	4.607
2359	4.605
2360	4.604
2361	4.602
2362	4.601
2363	4.600
2364	4.598
2365	4.597
2366	4.596
2367	4.594
2368	4.593
2369	4.592
2370	4.591
2371	4.590
2372	4.588
2373	4.587
2374	4.586
2375	4.585
2376	4.584
2377	4.582
2378	4.581
2379	4.580
2380	4.579
2381	4.578
2382	4.576
2383	4.575
2384	4.574
2385	4.573
2386	4.572
2387	4.571
2388	4.570
2389	4.569
2390	4.568
2391	4.567
2392	4.566
2393	4.565
2394	4.565
2395	4.563
2396	4.563
2397	4.562
2398	4.561
2399	4.560
2400	4.560
2401	4.559
2402	4.558
2403	4.557
2404	4.556
2405	4.555
2406	4.555
2407	4.554
2408	4.553
2409	4.552
2410	4.551
2411	4.551
2412	4.550
2413	4.549
2414	4.548
2415	4.547
2416	4.547
2417	4.546
2418	4.545
2419	4.544
2420	4.544
2421	4.543
2422	4.542
2423	4.541
2424	4.540
2425	4.540
2426	4.539
2427	4.538
2428	4.537
2429	4.537
2430	4.536
2431	4.535
2432	4.534
2433	4.534
2434	4.533
2435	4.532
2436	4.531
2437	4.531
2438	4.530
2439	4.529
2440	4.528
2441	4.528
2442	4.527
2443	4.526
2444	4.525
2445	4.524
2446	4.524
2447	4.523
2448	4.522
2449	4.521
2450	4.521
2451	4.520
2452	4.519
2453	4.518
2454	4.517
2455	4.516
2456	4.516
2457	4.515
2458	4.514
2459	4.513
2460	4.512
2461	4.511
2462	4.511
2463	4.510
2464	4.509
2465	4.508
2466	4.507
2467	4.507
2468	4.506
2469	4.505
2470	4.504
2471	4.504
2472	4.503
2473	4.502
2474	4.501
2475	4.501
2476	4.500
2477	4.499
2478	4.498
2479	4.497
2480	4.496
2481	4.496
2482	4.495
2483	4.494
2484	4.493
2485	4.493
2486	4.492
2487	4.491
2488	4.490
2489	4.489
2490	4.489
2491	4.488
2492	4.487
2493	4.486
2494	4.486
2495	4.485
2496	4.484
2497	4.483
2498	4.483
2499	4.482
2500	4.481
2501	4.481
2502	4.479
2503	4.479
2504	4.478
2505	4.477
2506	4.477
2507	4.476
2508	4.475
2509	4.475
2510	4.474
2511	4.473
2512	4.472
2513	4.472
2514	4.471
2515	4.470
2516	4.469
2517	4.468
2518	4.468
2519	4.467
2520	4.467
2521	4.466
2522	4.465
2523	4.465
2524	4.464
2525	4.464
2526	4.463
2527	4.462
2528	4.461
2529	4.461
2530	4.460
2531	4.460
2532	4.459
2533	4.458
2534	4.458
2535	4.457
2536	4.457
2537	4.456
2538	4.455
2539	4.455
2540	4.454
2541	4.453
2542	4.453
2543	4.452
2544	4.451
2545	4.451
2546	4.450
2547	4.450
2548	4.449
2549	4.448
2550	4.448
2551	4.447
2552	4.447
2553	4.446
2554	4.446
2555	4.445
2556	4.445
2557	4.444
2558	4.443
2559	4.443
2560	4.442
2561	4.442
2562	4.441
2563	4.441
2564	4.440
2565	4.440
2566	4.439
2567	4.438
2568	4.438
2569	4.437
2570	4.437
2571	4.436
2572	4.436
2573	4.435
2574	4.435
2575	4.435
2576	4.435
2577	4.434
2578	4.434
2579	4.433
2580	4.433
2581	4.432
2582	4.432
2583	4.432
2584	4.431
2585	4.431
2586	4.430
2587	4.430
2588	4.429
2589	4.429
2590	4.429
2591	4.428
2592	4.428
2593	4.428
2594	4.427
2595	4.427
2596	4.426
2597	4.426
2598	4.425
2599	4.425
2600	4.425
2601	4.424
2602	4.424
2603	4.423
2604	4.423
2605	4.422
2606	4.422
2607	4.422
2608	4.421
2609	4.421
2610	4.421
2611	4.420
2612	4.420
2613	4.419
2614	4.419
2615	4.418
2616	4.418
2617	4.418
2618	4.417
2619	4.416
2620	4.416
2621	4.415
2622	4.415
2623	4.415
2624	4.414
2625	4.414
2626	4.413
2627	4.413
2628	4.413
2629	4.412
2630	4.412
2631	4.412
2632	4.411
2633	4.411
2634	4.410
2635	8.656
2636	232.558
2637	232.558
2638	232.558
2639	232.558
2640	232.558
2641	232.558
2642	232.558
2643	232.558
2644	232.558
2645	232.558
2646	232.558
2647	232.558
2648	232.558
2649	232.558
2650	232.558
2651	232.558
2652	232.558
2653	232.558
2654	232.558
2655	232.558