0	1.182
1	0.925
2	0.925
3	0.925
4	0.925
5	0.925
6	0.925
7	0.925
8	0.925
9	0.925
10	0.925
11	0.925
12	0.924
13	0.924
14	0.924
15	0.924
16	0.924
17	0.924
18	0.924
19	0.924
20	0.924
21	0.924
22	0.924
23	0.924
24	0.924
25	0.924
26	0.924
27	0.924
28	0.924
29	0.924
30	0.924
31	0.923
32	0.923
33	0.923
34	0.923
35	0.923
36	0.923
37	0.923
38	0.923
39	0.998
40	1.086
41	1.086
42	1.086
43	1.086
44	1.086
45	1.086
46	1.086
47	1.086
48	1.086
49	1.086
50	1.086
51	1.086
52	1.086
53	1.085
54	1.085
55	1.085
56	1.085
57	1.085
58	1.085
59	1.085
60	1.085
61	1.085
62	1.085
63	1.084
64	1.085
65	1.085
66	1.085
67	1.085
68	1.085
69	1.085
70	1.085
71	1.085
72	1.084
73	1.084
74	1.084
75	1.084
76	1.084
77	1.084
78	1.084
79	1.084
80	1.084
81	1.084
82	1.084
83	1.084
84	1.084
85	1.084
86	1.084
87	1.084
88	1.084
89	1.084
90	1.084
91	1.083
92	1.083
93	1.083
94	1.083
95	1.083
96	1.083
97	1.083
98	1.083
99	1.083
100	1.083
101	1.083
102	1.084
103	1.084
104	1.083
105	1.083
106	1.083
107	1.083
108	1.083
109	1.083
110	1.083
111	1.083
112	1.083
113	1.082
114	1.082
115	1.082
116	1.082
117	1.082
118	1.082
119	1.082
120	1.081
121	1.081
122	1.081
123	1.081
124	1.081
125	1.081
126	1.081
127	1.081
128	1.080
129	1.080
130	1.080
131	1.080
132	1.080
133	1.080
134	1.080
135	1.080
136	1.079
137	1.079
138	1.079
139	1.079
140	1.079
141	1.079
142	1.079
143	1.079
144	1.079
145	1.079
146	1.078
147	1.078
148	1.078
149	1.078
150	1.078
151	1.078
152	1.078
153	1.078
154	1.078
155	1.078
156	1.077
157	1.077
158	1.077
159	1.077
160	1.077
161	1.077
162	1.077
163	1.076
164	1.076
165	1.076
166	1.076
167	1.076
168	1.076
169	1.076
170	1.075
171	1.075
172	1.075
173	1.075
174	1.075
175	1.075
176	1.075
177	1.074
178	1.074
179	1.074
180	1.074
181	1.074
182	1.073
183	1.073
184	1.073
185	1.073
186	1.073
187	1.073
188	1.073
189	1.072
190	1.072
191	1.072
192	1.072
193	1.072
194	1.072
195	1.072
196	1.072
197	1.071
198	1.071
199	1.071
200	1.071
201	1.071
202	1.071
203	1.071
204	1.071
205	1.071
206	1.071
207	1.071
208	1.070
209	1.070
210	1.070
211	1.070
212	1.070
213	1.070
214	1.070
215	1.070
216	1.070
217	1.070
218	1.070
219	1.069
220	1.069
221	1.069
222	1.069
223	1.069
224	1.069
225	1.069
226	1.069
227	1.069
228	1.068
229	1.068
230	1.068
231	1.068
232	1.068
233	1.068
234	1.068
235	1.068
236	1.068
237	1.068
238	1.067
239	1.067
240	1.067
241	1.067
242	1.067
243	1.067
244	1.067
245	1.067
246	1.066
247	1.066
248	1.066
249	1.066
250	1.066
251	1.066
252	1.065
253	1.065
254	1.065
255	1.065
256	1.065
257	1.065
258	1.065
259	1.064
260	1.064
261	1.064
262	1.064
263	1.064
264	1.064
265	1.064
266	1.064
267	1.064
268	1.064
269	1.064
270	1.064
271	1.063
272	1.063
273	1.063
274	1.063
275	1.063
276	1.063
277	1.063
278	1.063
279	1.063
280	1.062
281	1.062
282	1.062
283	1.062
284	1.062
285	1.062
286	1.062
287	1.062
288	1.061
289	1.061
290	1.061
291	1.061
292	1.061
293	1.060
294	1.060
295	1.060
296	1.060
297	1.059
298	1.059
299	1.059
300	1.059
301	1.058
302	1.058
303	1.058
304	1.058
305	1.057
306	1.057
307	1.057
308	1.057
309	1.057
310	1.056
311	1.056
312	1.056
313	1.056
314	1.056
315	1.055
316	1.055
317	1.055
318	1.055
319	1.054
320	1.054
321	1.054
322	1.054
323	1.054
324	1.053
325	1.053
326	1.053
327	1.053
328	1.052
329	1.052
330	1.052
331	1.052
332	1.051
333	1.051
334	1.051
335	1.051
336	1.050
337	1.050
338	1.050
339	1.049
340	1.049
341	1.049
342	1.049
343	1.048
344	1.048
345	1.048
346	1.047
347	1.047
348	1.047
349	1.047
350	1.046
351	1.046
352	1.046
353	1.045
354	1.045
355	1.045
356	1.045
357	1.044
358	1.044
359	1.044
360	1.043
361	1.043
362	1.043
363	1.042
364	1.042
365	1.042
366	1.042
367	1.041
368	1.041
369	1.041
370	1.040
371	1.040
372	1.040
373	1.040
374	1.039
375	1.039
376	1.039
377	1.038
378	1.038
379	1.038
380	1.037
381	1.037
382	1.037
383	1.037
384	1.036
385	1.036
386	1.036
387	1.035
388	1.035
389	1.035
390	1.035
391	1.034
392	1.034
393	1.034
394	1.033
395	1.033
396	1.033
397	1.033
398	1.032
399	1.032
400	1.032
401	1.031
402	1.031
403	1.031
404	1.031
405	1.030
406	1.030
407	1.030
408	1.030
409	1.030
410	1.029
411	1.029
412	1.029
413	1.029
414	1.029
415	1.029
416	1.028
417	1.028
418	1.028
419	1.028
420	1.028
421	1.028
422	1.028
423	1.028
424	1.028
425	1.029
426	1.029
427	1.029
428	1.029
429	1.029
430	1.029
431	1.030
432	1.030
433	1.030
434	1.030
435	1.030
436	1.031
437	1.031
438	1.031
439	1.032
440	1.032
441	1.032
442	1.033
443	1.033
444	1.033
445	1.034
446	1.034
447	1.034
448	1.035
449	1.035
450	1.035
451	1.036
452	1.036
453	1.036
454	1.037
455	1.037
456	1.037
457	1.038
458	1.038
459	1.038
460	1.039
461	1.039
462	1.039
463	1.040
464	1.040
465	1.040
466	1.041
467	1.041
468	1.041
469	1.042
470	1.042
471	1.042
472	1.042
473	1.043
474	1.043
475	1.043
476	1.043
477	1.043
478	1.044
479	1.044
480	1.044
481	1.044
482	1.044
483	1.045
484	1.045
485	1.045
486	1.045
487	1.045
488	1.045
489	1.045
490	1.045
491	1.045
492	1.045
493	1.045
494	1.045
495	1.046
496	1.046
497	1.046
498	1.046
499	1.046
500	1.046
501	1.046
502	1.046
503	1.046
504	1.045
505	1.045
506	1.045
507	1.045
508	1.045
509	1.045
510	1.045
511	1.045
512	1.045
513	1.045
514	1.045
515	1.045
516	1.045
517	1.045
518	1.045
519	1.045
520	1.044
521	1.044
522	1.044
523	1.044
524	1.044
525	1.044
526	1.044
527	1.044
528	1.044
529	1.044
530	1.044
531	1.044
532	1.044
533	1.044
534	1.043
535	1.043
536	1.043
537	1.043
538	1.043
539	1.043
540	1.043
541	1.043
542	1.043
543	1.043
544	1.043
545	1.043
546	1.043
547	1.043
548	1.043
549	1.043
550	1.042
551	1.042
552	1.042
553	1.042
554	1.042
555	1.042
556	1.042
557	1.042
558	1.042
559	1.042
560	1.042
561	1.042
562	1.042
563	1.042
564	1.042
565	1.042
566	1.042
567	1.042
568	1.042
569	1.042
570	1.041
571	1.041
572	1.041
573	1.041
574	1.041
575	1.041
576	1.041
577	1.041
578	1.041
579	1.041
580	1.041
581	1.041
582	1.041
583	1.040
584	1.040
585	1.040
586	1.040
587	1.040
588	1.040
589	1.040
590	1.040
591	1.040
592	1.039
593	1.039
594	1.039
595	1.039
596	1.039
597	1.039
598	1.039
599	1.038
600	1.038
601	1.038
602	1.038
603	1.038
604	1.038
605	1.037
606	1.037
607	1.037
608	1.037
609	1.037
610	1.037
611	1.037
612	1.036
613	1.036
614	1.036
615	1.036
616	1.036
617	1.036
618	1.036
619	1.036
620	1.036
621	1.035
622	1.035
623	1.035
624	1.035
625	1.035
626	1.035
627	1.035
628	1.034
629	1.034
630	1.034
631	1.033
632	1.033
633	1.033
634	1.033
635	1.033
636	1.033
637	1.033
638	1.033
639	1.032
640	1.032
641	1.032
642	1.032
643	1.032
644	1.032
645	1.032
646	1.032
647	1.032
648	1.032
649	1.032
650	1.032
651	1.032
652	1.032
653	1.032
654	1.032
655	1.032
656	1.032
657	1.032
658	1.033
659	1.033
660	1.033
661	1.033
662	1.034
663	1.034
664	1.035
665	1.035
666	1.036
667	1.037
668	1.037
669	1.038
670	1.039
671	1.040
672	1.041
673	1.042
674	1.043
675	1.044
676	1.045
677	1.046
678	1.047
679	1.049
680	1.050
681	1.051
682	1.052
683	1.054
684	1.055
685	1.057
686	1.058
687	1.060
688	1.061
689	1.062
690	1.064
691	1.065
692	1.067
693	1.068
694	1.070
695	1.071
696	1.073
697	1.074
698	1.076
699	1.077
700	1.078
701	1.080
702	1.081
703	1.083
704	1.084
705	1.085
706	1.087
707	1.088
708	1.089
709	1.091
710	1.092
711	1.093
712	1.094
713	1.096
714	1.097
715	1.098
716	1.099
717	1.100
718	1.102
719	1.103
720	1.104
721	1.105
722	1.106
723	1.107
724	1.108
725	1.109
726	1.110
727	1.111
728	1.112
729	1.113
730	1.114
731	1.114
732	1.115
733	1.116
734	1.117
735	1.117
736	1.118
737	1.119
738	1.120
739	1.120
740	1.121
741	1.122
742	1.122
743	1.123
744	1.123
745	1.124
746	1.124
747	1.125
748	1.125
749	1.126
750	1.126
751	1.126
752	1.127
753	1.127
754	1.127
755	1.128
756	1.128
757	1.128
758	1.129
759	1.129
760	1.129
761	1.129
762	1.129
763	1.130
764	1.130
765	1.130
766	1.130
767	1.130
768	1.130
769	1.130
770	1.130
771	1.130
772	1.130
773	1.130
774	1.131
775	1.131
776	1.131
777	1.130
778	1.131
779	1.130
780	1.130
781	1.130
782	1.130
783	1.130
784	1.130
785	1.130
786	1.130
787	1.130
788	1.130
789	1.130
790	1.130
791	1.130
792	1.129
793	1.129
794	1.129
795	1.129
796	1.129
797	1.129
798	1.129
799	1.128
800	1.128
801	1.128
802	1.128
803	1.128
804	1.127
805	1.127
806	1.127
807	1.127
808	1.127
809	1.126
810	1.126
811	1.126
812	1.126
813	1.125
814	1.125
815	1.125
816	1.125
817	1.124
818	1.124
819	1.124
820	1.124
821	1.124
822	1.123
823	1.123
824	1.123
825	1.123
826	1.122
827	1.122
828	1.122
829	1.122
830	1.121
831	1.121
832	1.121
833	1.121
834	1.121
835	1.120
836	1.120
837	1.120
838	1.120
839	1.119
840	1.119
841	1.119
842	1.119
843	1.118
844	1.118
845	1.118
846	1.118
847	1.118
848	1.117
849	1.117
850	1.117
851	1.117
852	1.116
853	1.116
854	1.116
855	1.116
856	1.116
857	1.115
858	1.115
859	1.115
860	1.115
861	1.115
862	1.114
863	1.114
864	1.114
865	1.114
866	1.113
867	1.113
868	1.113
869	1.113
870	1.113
871	1.112
872	1.112
873	1.112
874	1.112
875	1.112
876	1.111
877	1.111
878	1.111
879	1.111
880	1.111
881	1.110
882	1.110
883	1.110
884	1.110
885	1.110
886	1.109
887	1.109
888	1.109
889	1.109
890	1.109
891	1.109
892	1.108
893	1.108
894	1.108
895	1.108
896	1.107
897	1.107
898	1.107
899	1.107
900	1.107
901	1.107
902	1.106
903	1.106
904	1.106
905	1.106
906	1.106
907	1.105
908	1.105
909	1.105
910	1.105
911	1.105
912	1.104
913	1.104
914	1.104
915	1.104
916	1.104
917	1.103
918	1.103
919	1.103
920	1.103
921	1.103
922	1.102
923	1.102
924	1.102
925	1.102
926	1.102
927	1.101
928	1.101
929	1.101
930	1.101
931	1.101
932	1.100
933	1.100
934	1.100
935	1.100
936	1.100
937	1.100
938	1.099
939	1.099
940	1.099
941	1.099
942	1.099
943	1.099
944	1.098
945	1.098
946	1.098
947	1.098
948	1.098
949	1.098
950	1.098
951	1.098
952	1.098
953	1.098
954	1.098
955	1.098
956	1.098
957	1.098
958	1.098
959	1.098
960	1.098
961	1.098
962	1.098
963	1.099
964	1.099
965	1.099
966	1.099
967	1.100
968	1.100
969	1.101
970	1.101
971	1.102
972	1.102
973	1.103
974	1.103
975	1.104
976	1.105
977	1.106
978	1.106
979	1.107
980	1.108
981	1.109
982	1.110
983	1.111
984	1.113
985	1.114
986	1.115
987	1.117
988	1.118
989	1.120
990	1.121
991	1.123
992	1.124
993	1.126
994	1.128
995	1.129
996	1.131
997	1.133
998	1.135
999	1.137
1000	1.138
1001	1.140
1002	1.142
1003	1.144
1004	1.146
1005	1.148
1006	1.149
1007	1.151
1008	1.153
1009	1.155
1010	1.156
1011	1.158
1012	1.160
1013	1.161
1014	1.163
1015	1.164
1016	1.166
1017	1.168
1018	1.169
1019	1.170
1020	1.172
1021	1.173
1022	1.175
1023	1.176
1024	1.178
1025	1.179
1026	1.180
1027	1.182
1028	1.183
1029	1.184
1030	1.185
1031	1.186
1032	1.188
1033	1.189
1034	1.190
1035	1.191
1036	1.192
1037	1.193
1038	1.194
1039	1.195
1040	1.195
1041	1.196
1042	1.197
1043	1.198
1044	1.199
1045	1.199
1046	1.200
1047	1.201
1048	1.201
1049	1.202
1050	1.202
1051	1.203
1052	1.203
1053	1.204
1054	1.204
1055	1.205
1056	1.205
1057	1.205
1058	1.206
1059	1.206
1060	1.206
1061	1.207
1062	1.207
1063	1.207
1064	1.207
1065	1.208
1066	1.208
1067	1.208
1068	1.208
1069	1.208
1070	1.208
1071	1.209
1072	1.209
1073	1.209
1074	1.209
1075	1.209
1076	1.209
1077	1.209
1078	1.209
1079	1.209
1080	1.209
1081	1.209
1082	1.209
1083	1.209
1084	1.209
1085	1.209
1086	1.209
1087	1.209
1088	1.209
1089	1.209
1090	1.208
1091	1.208
1092	1.208
1093	1.208
1094	1.208
1095	1.208
1096	1.208
1097	1.208
1098	1.207
1099	1.207
1100	1.207
1101	1.207
1102	1.207
1103	1.206
1104	1.206
1105	1.206
1106	1.206
1107	1.205
1108	1.205
1109	1.205
1110	1.204
1111	1.204
1112	1.204
1113	1.203
1114	1.203
1115	1.203
1116	1.202
1117	1.202
1118	1.202
1119	1.201
1120	1.201
1121	1.201
1122	1.200
1123	1.200
1124	1.200
1125	1.199
1126	1.199
1127	1.198
1128	1.198
1129	1.198
1130	1.197
1131	1.197
1132	1.197
1133	1.197
1134	1.197
1135	1.197
1136	1.197
1137	1.197
1138	1.196
1139	1.196
1140	1.196
1141	1.196
1142	1.196
1143	1.196
1144	1.196
1145	1.195
1146	1.194
1147	1.193
1148	1.192
1149	1.191
1150	1.190
1151	1.189
1152	1.187
1153	1.186
1154	1.185
1155	1.184
1156	1.182
1157	1.181
1158	1.180
1159	1.179
1160	1.178
1161	1.177
1162	1.175
1163	1.174
1164	1.173
1165	1.172
1166	1.171
1167	1.170
1168	1.169
1169	1.168
1170	1.167
1171	1.166
1172	1.165
1173	1.164
1174	1.163
1175	1.162
1176	1.161
1177	1.160
1178	1.158
1179	1.157
1180	1.156
1181	1.155
1182	1.154
1183	1.152
1184	1.151
1185	1.150
1186	1.149
1187	1.147
1188	1.146
1189	1.145
1190	1.144
1191	1.143
1192	1.142
1193	1.140
1194	1.139
1195	1.138
1196	1.137
1197	1.136
1198	1.134
1199	1.133
1200	1.132
1201	1.130
1202	1.128
1203	1.127
1204	1.125
1205	1.124
1206	1.123
1207	1.121
1208	1.120
1209	1.119
1210	1.118
1211	1.117
1212	1.116
1213	1.115
1214	1.114
1215	1.113
1216	1.112
1217	1.112
1218	1.111
1219	1.111
1220	1.110
1221	1.110
1222	1.110
1223	1.110
1224	1.109
1225	1.109
1226	1.110
1227	1.110
1228	1.110
1229	1.110
1230	1.111
1231	1.111
1232	1.111
1233	1.112
1234	1.112
1235	1.113
1236	1.114
1237	1.114
1238	1.115
1239	1.116
1240	1.117
1241	1.117
1242	1.118
1243	1.119
1244	1.120
1245	1.121
1246	1.122
1247	1.123
1248	1.124
1249	1.125
1250	1.126
1251	1.126
1252	1.127
1253	1.128
1254	1.129
1255	1.130
1256	1.131
1257	1.132
1258	1.133
1259	1.133
1260	1.134
1261	1.135
1262	1.136
1263	1.137
1264	1.138
1265	1.139
1266	1.140
1267	1.140
1268	1.141
1269	1.142
1270	1.143
1271	1.144
1272	1.145
1273	1.145
1274	1.146
1275	1.147
1276	1.148
1277	1.148
1278	1.149
1279	1.150
1280	1.151
1281	1.151
1282	1.152
1283	1.153
1284	1.153
1285	1.154
1286	1.154
1287	1.155
1288	1.156
1289	1.156
1290	1.157
1291	1.157
1292	1.158
1293	1.158
1294	1.159
1295	1.159
1296	1.160
1297	1.160
1298	1.161
1299	1.161
1300	1.162
1301	1.162
1302	1.162
1303	1.163
1304	1.163
1305	1.163
1306	1.164
1307	1.164
1308	1.164
1309	1.165
1310	1.165
1311	1.165
1312	1.165
1313	1.165
1314	1.165
1315	1.166
1316	1.166
1317	1.166
1318	1.166
1319	1.166
1320	1.166
1321	1.166
1322	1.166
1323	1.166
1324	1.166
1325	1.166
1326	1.166
1327	1.166
1328	1.166
1329	1.166
1330	1.166
1331	1.166
1332	1.166
1333	1.166
1334	1.166
1335	1.165
1336	1.165
1337	1.165
1338	1.165
1339	1.165
1340	1.165
1341	1.165
1342	1.165
1343	1.164
1344	1.164
1345	1.164
1346	1.164
1347	1.164
1348	1.164
1349	1.164
1350	1.164
1351	1.163
1352	1.163
1353	1.163
1354	1.163
1355	1.163
1356	1.163
1357	1.163
1358	1.163
1359	1.163
1360	1.162
1361	1.162
1362	1.162
1363	1.162
1364	1.162
1365	1.162
1366	1.162
1367	1.162
1368	1.162
1369	1.162
1370	1.162
1371	1.162
1372	1.162
1373	1.162
1374	1.162
1375	1.162
1376	1.162
1377	1.162
1378	1.162
1379	1.161
1380	1.161
1381	1.162
1382	1.162
1383	1.162
1384	1.162
1385	1.162
1386	1.162
1387	1.162
1388	1.163
1389	1.163
1390	1.163
1391	1.163
1392	1.163
1393	1.163
1394	1.163
1395	1.163
1396	1.163
1397	1.163
1398	1.163
1399	1.163
1400	1.163
1401	1.163
1402	1.163
1403	1.163
1404	1.164
1405	1.164
1406	1.164
1407	1.164
1408	1.164
1409	1.164
1410	1.164
1411	1.164
1412	1.164
1413	1.164
1414	1.164
1415	1.164
1416	1.164
1417	1.164
1418	1.163
1419	1.163
1420	1.163
1421	1.163
1422	1.163
1423	1.163
1424	1.163
1425	1.163
1426	1.163
1427	1.163
1428	1.163
1429	1.163
1430	1.163
1431	1.163
1432	1.163
1433	1.163
1434	1.163
1435	1.163
1436	1.163
1437	1.163
1438	1.163
1439	1.163
1440	1.163
1441	1.163
1442	1.163
1443	1.163
1444	1.164
1445	1.164
1446	1.164
1447	1.164
1448	1.164
1449	1.165
1450	1.165
1451	1.165
1452	1.165
1453	1.166
1454	1.166
1455	1.166
1456	1.166
1457	1.167
1458	1.167
1459	1.167
1460	1.168
1461	1.168
1462	1.169
1463	1.169
1464	1.169
1465	1.170
1466	1.170
1467	1.170
1468	1.171
1469	1.171
1470	1.172
1471	1.172
1472	1.172
1473	1.173
1474	1.173
1475	1.174
1476	1.174
1477	1.174
1478	1.175
1479	1.175
1480	1.176
1481	1.176
1482	1.176
1483	1.177
1484	1.177
1485	1.178
1486	1.178
1487	1.178
1488	1.179
1489	1.179
1490	1.180
1491	1.180
1492	1.180
1493	1.181
1494	1.181
1495	1.181
1496	1.182
1497	1.182
1498	1.182
1499	1.183
1500	1.183
1501	1.183
1502	1.184
1503	1.184
1504	1.184
1505	1.185
1506	1.185
1507	1.185
1508	1.186
1509	1.186
1510	1.186
1511	1.186
1512	1.187
1513	1.187
1514	1.187
1515	1.188
1516	1.188
1517	1.189
1518	1.189
1519	1.190
1520	1.190
1521	1.191
1522	1.191
1523	1.192
1524	1.192
1525	1.193
1526	1.193
1527	1.193
1528	1.194
1529	1.194
1530	1.195
1531	1.195
1532	1.195
1533	1.196
1534	1.196
1535	1.197
1536	1.197
1537	1.198
1538	1.198
1539	1.198
1540	1.199
1541	1.199
1542	1.199
1543	1.200
1544	1.200
1545	1.201
1546	1.201
1547	1.202
1548	1.202
1549	1.202
1550	1.203
1551	1.203
1552	1.203
1553	1.204
1554	1.204
1555	1.204
1556	1.205
1557	1.205
1558	1.205
1559	1.206
1560	1.206
1561	1.206
1562	1.206
1563	1.207
1564	1.207
1565	1.207
1566	1.207
1567	1.208
1568	1.208
1569	1.208
1570	1.208
1571	1.208
1572	1.209
1573	1.209
1574	1.209
1575	1.209
1576	1.209
1577	1.210
1578	1.210
1579	1.210
1580	1.210
1581	1.210
1582	1.210
1583	1.211
1584	1.211
1585	1.211
1586	1.211
1587	1.211
1588	1.211
1589	1.211
1590	1.211
1591	1.211
1592	1.211
1593	1.211
1594	1.211
1595	1.211
1596	1.211
1597	1.211
1598	1.211
1599	1.211
1600	1.211
1601	1.211
1602	1.211
1603	1.211
1604	1.210
1605	1.210
1606	1.210
1607	1.210
1608	1.210
1609	1.210
1610	1.210
1611	1.210
1612	1.210
1613	1.210
1614	1.210
1615	1.210
1616	1.210
1617	1.210
1618	1.210
1619	1.209
1620	1.209
1621	1.209
1622	1.209
1623	1.209
1624	1.209
1625	1.209
1626	1.209
1627	1.209
1628	1.209
1629	1.209
1630	1.208
1631	1.208
1632	1.208
1633	1.208
1634	1.208
1635	1.208
1636	1.208
1637	1.208
1638	1.208
1639	1.208
1640	1.207
1641	1.207
1642	1.207
1643	1.207
1644	1.207
1645	1.207
1646	1.207
1647	1.207
1648	1.207
1649	1.206
1650	1.206
1651	1.206
1652	1.206
1653	1.206
1654	1.206
1655	1.206
1656	1.205
1657	1.205
1658	1.205
1659	1.205
1660	1.205
1661	1.205
1662	1.205
1663	1.205
1664	1.205
1665	1.205
1666	1.205
1667	1.204
1668	1.204
1669	1.204
1670	1.204
1671	1.204
1672	1.204
1673	1.204
1674	1.204
1675	1.204
1676	1.204
1677	1.204
1678	1.204
1679	1.204
1680	1.204
1681	1.204
1682	1.204
1683	1.204
1684	1.204
1685	1.204
1686	1.204
1687	1.204
1688	1.204
1689	1.204
1690	1.204
1691	1.204
1692	1.204
1693	1.204
1694	1.204
1695	1.204
1696	1.204
1697	1.204
1698	1.204
1699	1.204
1700	1.203
1701	1.203
1702	1.203
1703	1.203
1704	1.203
1705	1.203
1706	1.203
1707	1.203
1708	1.203
1709	1.203
1710	1.203
1711	1.202
1712	1.202
1713	1.202
1714	1.202
1715	1.202
1716	1.202
1717	1.202
1718	1.202
1719	1.201
1720	1.201
1721	1.201
1722	1.201
1723	1.201
1724	1.201
1725	1.201
1726	1.200
1727	1.200
1728	1.200
1729	1.200
1730	1.200
1731	1.200
1732	1.200
1733	1.199
1734	1.199
1735	1.199
1736	1.199
1737	1.199
1738	1.198
1739	1.198
1740	1.198
1741	1.198
1742	1.198
1743	1.197
1744	1.197
1745	1.197
1746	1.197
1747	1.197
1748	1.197
1749	1.196
1750	1.196
1751	1.196
1752	1.196
1753	1.196
1754	1.195
1755	1.195
1756	1.195
1757	1.195
1758	1.195
1759	1.194
1760	1.194
1761	1.194
1762	1.194
1763	1.194
1764	1.193
1765	1.193
1766	1.193
1767	1.193
1768	1.193
1769	1.192
1770	1.192
1771	1.192
1772	1.192
1773	1.192
1774	1.191
1775	1.191
1776	1.191
1777	1.191
1778	1.191
1779	1.190
1780	1.190
1781	1.190
1782	1.190
1783	1.190
1784	1.189
1785	1.189
1786	1.189
1787	1.189
1788	1.188
1789	1.188
1790	1.188
1791	1.188
1792	1.187
1793	1.187
1794	1.187
1795	1.187
1796	1.187
1797	1.186
1798	1.186
1799	1.186
1800	1.186
1801	1.185
1802	1.185
1803	1.185
1804	1.185
1805	1.184
1806	1.184
1807	1.184
1808	1.184
1809	1.184
1810	1.183
1811	1.183
1812	1.183
1813	1.183
1814	1.183
1815	1.182
1816	1.182
1817	1.182
1818	1.182
1819	1.182
1820	1.181
1821	1.181
1822	1.181
1823	1.181
1824	1.181
1825	1.181
1826	1.180
1827	1.180
1828	1.180
1829	1.180
1830	1.180
1831	1.180
1832	1.179
1833	1.179
1834	1.179
1835	1.179
1836	1.179
1837	1.179
1838	1.178
1839	1.178
1840	1.178
1841	1.178
1842	1.178
1843	1.178
1844	1.177
1845	1.177
1846	1.177
1847	1.177
1848	1.177
1849	1.177
1850	1.176
1851	1.176
1852	1.176
1853	1.176
1854	1.176
1855	1.175
1856	1.175
1857	1.175
1858	1.175
1859	1.175
1860	1.175
1861	1.174
1862	1.174
1863	1.174
1864	1.174
1865	1.174
1866	1.174
1867	1.173
1868	1.173
1869	1.173
1870	1.173
1871	1.173
1872	1.173
1873	1.172
1874	1.172
1875	1.172
1876	1.172
1877	1.172
1878	1.172
1879	1.171
1880	1.171
1881	1.171
1882	1.171
1883	1.171
1884	1.170
1885	1.170
1886	1.170
1887	1.170
1888	1.170
1889	1.170
1890	1.169
1891	1.169
1892	1.169
1893	1.169
1894	1.169
1895	1.168
1896	1.168
1897	1.168
1898	1.168
1899	1.168
1900	1.167
1901	1.167
1902	1.167
1903	1.167
1904	1.167
1905	1.166
1906	1.166
1907	1.166
1908	1.166
1909	1.166
1910	1.165
1911	1.165
1912	1.165
1913	1.165
1914	1.165
1915	1.164
1916	1.164
1917	1.164
1918	1.164
1919	1.164
1920	1.163
1921	1.163
1922	1.163
1923	1.163
1924	1.162
1925	1.162
1926	1.162
1927	1.162
1928	1.162
1929	1.161
1930	1.161
1931	1.161
1932	1.161
1933	1.160
1934	1.160
1935	1.160
1936	1.160
1937	1.160
1938	1.159
1939	1.159
1940	1.159
1941	1.159
1942	1.159
1943	1.158
1944	1.158
1945	1.158
1946	1.158
1947	1.158
1948	1.158
1949	1.157
1950	1.157
1951	1.157
1952	1.157
1953	1.157
1954	1.156
1955	1.156
1956	1.156
1957	1.156
1958	1.156
1959	1.156
1960	1.156
1961	1.156
1962	1.155
1963	1.155
1964	1.155
1965	1.155
1966	1.155
1967	1.155
1968	1.154
1969	1.154
1970	1.154
1971	1.154
1972	1.154
1973	1.154
1974	1.154
1975	1.154
1976	1.153
1977	1.153
1978	1.153
1979	1.153
1980	1.153
1981	1.153
1982	1.153
1983	1.153
1984	1.152
1985	1.152
1986	1.152
1987	1.152
1988	1.152
1989	1.152
1990	1.151
1991	1.151
1992	1.151
1993	1.151
1994	1.151
1995	1.149
1996	1.143
1997	1.143
1998	1.143
1999	1.143
2000	1.142
2001	1.142
2002	1.142
2003	1.142
2004	1.142
2005	1.142
2006	1.141
2007	1.141
2008	1.141
2009	1.141
2010	1.141
2011	1.140
2012	1.140
2013	1.140
2014	1.140
2015	1.140