Unbearbeiteter Daten-Export (tab separat)


Klient:	Sebastian,Heckner
Sitzung:	23.04.sep.sebi 
Datum:	2021-04-23
Zeit:	13:23:17
Dauer:	81	Sekunden.
Abtastrate:	32	Samples/sek.

Beispiele	32 SPS	
Zeit	Sensor-C:EDA (Hautleitwert)	


0	8.829
1	4.781
2	4.788
3	4.795
4	4.803
5	4.810
6	4.817
7	4.825
8	4.832
9	4.839
10	4.846
11	4.852
12	4.859
13	4.865
14	4.871
15	4.876
16	4.882
17	4.887
18	4.891
19	4.896
20	4.900
21	4.904
22	4.908
23	4.912
24	4.916
25	4.919
26	4.922
27	4.924
28	4.928
29	4.930
30	4.933
31	4.935
32	4.937
33	4.939
34	4.941
35	4.942
36	4.944
37	4.946
38	4.947
39	4.948
40	4.949
41	4.949
42	4.950
43	4.950
44	4.950
45	4.950
46	4.950
47	4.949
48	4.948
49	4.947
50	4.946
51	4.945
52	4.943
53	4.942
54	4.940
55	4.939
56	4.937
57	4.935
58	4.934
59	4.932
60	4.930
61	4.929
62	4.928
63	4.927
64	4.926
65	4.925
66	4.925
67	4.925
68	4.925
69	4.926
70	4.927
71	4.929
72	4.932
73	4.936
74	4.939
75	4.944
76	4.948
77	4.954
78	4.959
79	4.965
80	4.972
81	4.979
82	4.987
83	4.995
84	5.003
85	5.012
86	5.021
87	5.030
88	5.039
89	5.049
90	5.058
91	5.068
92	5.078
93	5.088
94	5.098
95	5.108
96	5.118
97	5.128
98	5.137
99	5.147
100	5.157
101	5.166
102	5.176
103	5.185
104	5.194
105	5.203
106	5.211
107	5.219
108	5.227
109	5.235
110	5.242
111	5.249
112	5.255
113	5.262
114	5.268
115	5.274
116	5.280
117	5.286
118	5.292
119	5.297
120	5.302
121	5.307
122	5.312
123	5.315
124	5.320
125	5.323
126	5.326
127	5.329
128	5.332
129	5.334
130	5.336
131	5.338
132	5.339
133	5.340
134	5.341
135	5.341
136	5.341
137	5.341
138	5.341
139	5.341
140	5.340
141	5.340
142	5.339
143	5.339
144	5.338
145	5.338
146	5.337
147	5.336
148	5.335
149	5.334
150	5.334
151	5.333
152	5.332
153	5.331
154	5.331
155	5.329
156	5.328
157	5.327
158	5.326
159	5.325
160	5.324
161	5.324
162	5.323
163	5.322
164	5.320
165	5.320
166	5.319
167	5.318
168	5.318
169	5.320
170	5.322
171	5.323
172	5.325
173	5.326
174	5.327
175	5.328
176	5.328
177	5.329
178	5.329
179	5.329
180	5.329
181	5.329
182	5.328
183	5.328
184	5.327
185	5.326
186	5.324
187	5.323
188	5.322
189	5.320
190	5.318
191	5.316
192	5.315
193	5.313
194	5.311
195	5.309
196	5.307
197	5.306
198	5.303
199	5.301
200	5.299
201	5.296
202	5.294
203	5.292
204	5.289
205	5.287
206	5.284
207	5.282
208	5.280
209	5.277
210	5.274
211	5.272
212	5.270
213	5.267
214	5.264
215	5.262
216	5.260
217	5.258
218	5.257
219	5.256
220	5.254
221	5.253
222	5.251
223	5.249
224	5.249
225	5.247
226	5.246
227	5.244
228	5.243
229	5.242
230	5.241
231	5.240
232	5.238
233	5.237
234	5.236
235	5.235
236	5.233
237	5.232
238	5.231
239	5.230
240	5.229
241	5.228
242	5.227
243	5.225
244	5.225
245	5.224
246	5.223
247	5.222
248	5.221
249	5.220
250	5.219
251	5.218
252	5.216
253	5.216
254	5.215
255	5.213
256	5.212
257	5.212
258	5.211
259	5.210
260	5.210
261	5.209
262	5.208
263	5.207
264	5.207
265	5.206
266	5.205
267	5.204
268	5.203
269	5.202
270	5.202
271	5.201
272	5.199
273	5.198
274	5.198
275	5.197
276	5.195
277	5.194
278	5.193
279	5.191
280	5.190
281	5.189
282	5.187
283	5.186
284	5.185
285	5.183
286	5.182
287	5.181
288	5.179
289	5.178
290	5.176
291	5.175
292	5.173
293	5.172
294	5.171
295	5.169
296	5.168
297	5.167
298	5.166
299	5.165
300	5.164
301	5.163
302	5.163
303	5.163
304	5.163
305	5.164
306	5.165
307	5.166
308	5.168
309	5.171
310	5.174
311	5.177
312	5.181
313	5.186
314	5.191
315	5.196
316	5.203
317	5.210
318	5.217
319	5.225
320	5.233
321	5.242
322	5.252
323	5.261
324	5.271
325	5.282
326	5.292
327	5.303
328	5.314
329	5.324
330	5.335
331	5.346
332	5.356
333	5.366
334	5.376
335	5.386
336	5.396
337	5.406
338	5.415
339	5.425
340	5.433
341	5.442
342	5.450
343	5.458
344	5.465
345	5.472
346	5.478
347	5.483
348	5.488
349	5.493
350	5.497
351	5.501
352	5.504
353	5.507
354	5.510
355	5.512
356	5.514
357	5.516
358	5.517
359	5.518
360	5.518
361	5.519
362	5.519
363	5.518
364	5.518
365	5.517
366	5.516
367	5.515
368	5.514
369	5.512
370	5.510
371	5.508
372	5.505
373	5.503
374	5.500
375	5.496
376	5.493
377	5.489
378	5.485
379	5.481
380	5.477
381	5.473
382	5.468
383	5.464
384	5.459
385	5.454
386	5.450
387	5.445
388	5.440
389	5.435
390	5.430
391	5.425
392	5.420
393	5.415
394	5.410
395	5.405
396	5.399
397	5.394
398	5.389
399	5.383
400	5.378
401	5.373
402	5.368
403	5.363
404	5.358
405	5.353
406	5.348
407	5.343
408	5.338
409	5.333
410	5.328
411	5.323
412	5.318
413	5.313
414	5.309
415	5.304
416	5.299
417	5.295
418	5.290
419	5.286
420	5.281
421	5.277
422	5.272
423	5.268
424	5.264
425	5.261
426	5.257
427	5.253
428	5.249
429	5.246
430	5.242
431	5.238
432	5.235
433	5.232
434	5.229
435	5.225
436	5.222
437	5.219
438	5.216
439	5.214
440	5.211
441	5.208
442	5.206
443	5.203
444	5.201
445	5.199
446	5.197
447	5.195
448	5.193
449	5.191
450	5.190
451	5.189
452	5.188
453	5.187
454	5.186
455	5.186
456	5.186
457	5.186
458	5.186
459	5.187
460	5.188
461	5.190
462	5.192
463	5.194
464	5.196
465	5.199
466	5.203
467	5.206
468	5.210
469	5.214
470	5.218
471	5.223
472	5.228
473	5.233
474	5.238
475	5.243
476	5.248
477	5.253
478	5.259
479	5.264
480	5.269
481	5.275
482	5.280
483	5.286
484	5.291
485	5.296
486	5.301
487	5.306
488	5.310
489	5.314
490	5.319
491	5.323
492	5.326
493	5.330
494	5.333
495	5.336
496	5.340
497	5.342
498	5.345
499	5.347
500	5.349
501	5.351
502	5.352
503	5.354
504	5.355
505	5.356
506	5.357
507	5.357
508	5.357
509	5.357
510	5.357
511	5.356
512	5.356
513	5.355
514	5.354
515	5.353
516	5.352
517	5.350
518	5.349
519	5.347
520	5.346
521	5.344
522	5.342
523	5.340
524	5.339
525	5.336
526	5.334
527	5.331
528	5.329
529	5.327
530	5.324
531	5.321
532	5.319
533	5.316
534	5.313
535	5.311
536	5.308
537	5.306
538	5.303
539	5.300
540	5.297
541	5.294
542	5.291
543	5.288
544	5.285
545	5.282
546	5.280
547	5.277
548	5.274
549	5.271
550	5.269
551	5.266
552	5.263
553	5.260
554	5.258
555	5.256
556	5.253
557	5.251
558	5.248
559	5.246
560	5.243
561	5.241
562	5.238
563	5.236
564	5.233
565	5.231
566	5.229
567	5.226
568	5.224
569	5.221
570	5.219
571	5.216
572	5.214
573	5.212
574	5.210
575	5.208
576	5.206
577	5.204
578	5.202
579	5.201
580	5.199
581	5.198
582	5.196
583	5.195
584	5.194
585	5.192
586	5.191
587	5.190
588	5.189
589	5.189
590	5.188
591	5.188
592	5.187
593	5.187
594	5.186
595	5.186
596	5.186
597	5.186
598	5.186
599	5.186
600	5.186
601	5.186
602	5.187
603	5.187
604	5.188
605	5.188
606	5.190
607	5.191
608	5.192
609	5.194
610	5.196
611	5.198
612	5.201
613	5.205
614	5.208
615	5.212
616	5.217
617	5.221
618	5.227
619	5.232
620	5.238
621	5.244
622	5.251
623	5.258
624	5.266
625	5.273
626	5.281
627	5.289
628	5.297
629	5.305
630	5.313
631	5.322
632	5.330
633	5.338
634	5.347
635	5.355
636	5.364
637	5.372
638	5.380
639	5.387
640	5.395
641	5.402
642	5.409
643	5.416
644	5.423
645	5.428
646	5.434
647	5.440
648	5.445
649	5.450
650	5.454
651	5.459
652	5.462
653	5.466
654	5.469
655	5.472
656	5.474
657	5.476
658	5.478
659	5.480
660	5.481
661	5.482
662	5.483
663	5.483
664	5.484
665	5.484
666	5.484
667	5.484
668	5.483
669	5.483
670	5.482
671	5.481
672	5.480
673	5.478
674	5.477
675	5.475
676	5.473
677	5.471
678	5.468
679	5.466
680	5.463
681	5.460
682	5.457
683	5.454
684	5.451
685	5.447
686	5.444
687	5.440
688	5.436
689	5.433
690	5.429
691	5.425
692	5.421
693	5.417
694	5.413
695	5.409
696	5.405
697	5.401
698	5.397
699	5.393
700	5.389
701	5.385
702	5.382
703	5.378
704	5.375
705	5.371
706	5.368
707	5.364
708	5.361
709	5.357
710	5.354
711	5.351
712	5.348
713	5.345
714	5.343
715	5.340
716	5.338
717	5.335
718	5.333
719	5.331
720	5.329
721	5.327
722	5.326
723	5.324
724	5.323
725	5.322
726	5.321
727	5.320
728	5.319
729	5.318
730	5.317
731	5.317
732	5.316
733	5.316
734	5.316
735	5.315
736	5.315
737	5.316
738	5.316
739	5.316
740	5.317
741	5.318
742	5.319
743	5.321
744	5.323
745	5.325
746	5.327
747	5.330
748	5.333
749	5.337
750	5.340
751	5.344
752	5.349
753	5.353
754	5.358
755	5.363
756	5.369
757	5.374
758	5.380
759	5.386
760	5.392
761	5.399
762	5.405
763	5.411
764	5.417
765	5.423
766	5.429
767	5.434
768	5.440
769	5.445
770	5.450
771	5.455
772	5.459
773	5.464
774	5.468
775	5.472
776	5.475
777	5.478
778	5.482
779	5.484
780	5.487
781	5.490
782	5.492
783	5.494
784	5.496
785	5.498
786	5.499
787	5.500
788	5.501
789	5.502
790	5.503
791	5.504
792	5.504
793	5.503
794	5.504
795	5.503
796	5.503
797	5.502
798	5.501
799	5.500
800	5.498
801	5.496
802	5.495
803	5.493
804	5.490
805	5.488
806	5.486
807	5.483
808	5.481
809	5.478
810	5.475
811	5.471
812	5.469
813	5.465
814	5.462
815	5.459
816	5.456
817	5.452
818	5.449
819	5.446
820	5.442
821	5.438
822	5.435
823	5.432
824	5.428
825	5.424
826	5.421
827	5.417
828	5.413
829	5.409
830	5.405
831	5.401
832	5.398
833	5.394
834	5.390
835	5.386
836	5.382
837	5.379
838	5.375
839	5.371
840	5.367
841	5.364
842	5.360
843	5.357
844	5.353
845	5.350
846	5.347
847	5.344
848	5.341
849	5.338
850	5.335
851	5.332
852	5.329
853	5.326
854	5.323
855	5.321
856	5.318
857	5.315
858	5.312
859	5.309
860	5.307
861	5.304
862	5.301
863	5.299
864	5.297
865	5.294
866	5.292
867	5.290
868	5.288
869	5.286
870	5.284
871	5.282
872	5.281
873	5.280
874	5.279
875	5.278
876	5.278
877	5.278
878	5.278
879	5.278
880	5.279
881	5.281
882	5.283
883	5.285
884	5.288
885	5.291
886	5.295
887	5.299
888	5.304
889	5.309
890	5.315
891	5.321
892	5.327
893	5.334
894	5.341
895	5.349
896	5.357
897	5.365
898	5.373
899	5.382
900	5.391
901	5.399
902	5.409
903	5.417
904	5.427
905	5.436
906	5.444
907	5.453
908	5.462
909	5.470
910	5.478
911	5.486
912	5.494
913	5.501
914	5.508
915	5.515
916	5.521
917	5.527
918	5.533
919	5.538
920	5.543
921	5.548
922	5.552
923	5.556
924	5.560
925	5.563
926	5.566
927	5.569
928	5.571
929	5.573
930	5.575
931	5.577
932	5.578
933	5.579
934	5.580
935	5.580
936	5.580
937	5.580
938	5.579
939	5.579
940	5.578
941	5.576
942	5.575
943	5.573
944	5.571
945	5.569
946	5.567
947	5.564
948	5.562
949	5.559
950	5.556
951	5.553
952	5.550
953	5.548
954	5.544
955	5.542
956	5.538
957	5.536
958	5.533
959	5.530
960	5.527
961	5.525
962	5.523
963	5.521
964	5.519
965	5.518
966	5.517
967	5.516
968	5.516
969	5.516
970	5.516
971	5.517
972	5.517
973	5.516
974	5.515
975	5.514
976	5.514
977	5.514
978	5.514
979	5.516
980	5.519
981	5.522
982	5.527
983	5.532
984	5.537
985	5.542
986	5.547
987	5.552
988	5.558
989	5.563
990	5.569
991	5.574
992	5.579
993	5.584
994	5.588
995	5.593
996	5.597
997	5.601
998	5.605
999	5.608
1000	5.611
1001	5.614
1002	5.616
1003	5.619
1004	5.621
1005	5.622
1006	5.624
1007	5.625
1008	5.625
1009	5.626
1010	5.626
1011	5.627
1012	5.626
1013	5.626
1014	5.626
1015	5.625
1016	5.624
1017	5.622
1018	5.621
1019	5.620
1020	5.618
1021	5.617
1022	5.615
1023	5.612
1024	5.610
1025	5.608
1026	5.605
1027	5.602
1028	5.599
1029	5.595
1030	5.592
1031	5.589
1032	5.585
1033	5.582
1034	5.579
1035	5.575
1036	5.571
1037	5.567
1038	5.563
1039	5.559
1040	5.556
1041	5.551
1042	5.548
1043	5.544
1044	5.540
1045	5.536
1046	5.532
1047	5.528
1048	5.525
1049	5.521
1050	5.518
1051	5.514
1052	5.511
1053	5.508
1054	5.505
1055	5.501
1056	5.498
1057	5.495
1058	5.493
1059	5.490
1060	5.487
1061	5.485
1062	5.482
1063	5.480
1064	5.478
1065	5.476
1066	5.475
1067	5.474
1068	5.473
1069	5.473
1070	5.473
1071	5.474
1072	5.476
1073	5.477
1074	5.479
1075	5.481
1076	5.484
1077	5.487
1078	5.490
1079	5.493
1080	5.497
1081	5.501
1082	5.505
1083	5.509
1084	5.512
1085	5.516
1086	5.520
1087	5.523
1088	5.527
1089	5.530
1090	5.533
1091	5.537
1092	5.541
1093	5.546
1094	5.549
1095	5.553
1096	5.557
1097	5.560
1098	5.563
1099	5.565
1100	5.567
1101	5.570
1102	5.573
1103	5.575
1104	5.577
1105	5.579
1106	5.581
1107	5.583
1108	5.585
1109	5.586
1110	5.587
1111	5.588
1112	5.588
1113	5.589
1114	5.590
1115	5.590
1116	5.589
1117	5.589
1118	5.588
1119	5.587
1120	5.587
1121	5.586
1122	5.585
1123	5.584
1124	5.583
1125	5.582
1126	5.581
1127	5.579
1128	5.577
1129	5.576
1130	5.574
1131	5.572
1132	5.570
1133	5.568
1134	5.565
1135	5.563
1136	5.561
1137	5.558
1138	5.556
1139	5.554
1140	5.551
1141	5.549
1142	5.547
1143	5.545
1144	5.542
1145	5.539
1146	5.537
1147	5.535
1148	5.532
1149	5.528
1150	5.525
1151	5.521
1152	5.518
1153	5.515
1154	5.511
1155	5.508
1156	5.504
1157	5.501
1158	5.498
1159	5.495
1160	5.491
1161	5.488
1162	5.486
1163	5.484
1164	5.481
1165	5.479
1166	5.477
1167	5.476
1168	5.474
1169	5.472
1170	5.471
1171	5.468
1172	5.465
1173	5.463
1174	5.460
1175	5.457
1176	5.455
1177	5.453
1178	5.451
1179	5.449
1180	5.447
1181	5.446
1182	5.445
1183	5.444
1184	5.443
1185	5.443
1186	5.442
1187	5.440
1188	5.439
1189	5.438
1190	5.437
1191	5.436
1192	5.435
1193	5.434
1194	5.433
1195	5.432
1196	5.431
1197	5.431
1198	5.430
1199	5.430
1200	5.431
1201	5.432
1202	5.433
1203	5.434
1204	5.434
1205	5.436
1206	5.438
1207	5.440
1208	5.442
1209	5.444
1210	5.447
1211	5.450
1212	5.453
1213	5.457
1214	5.461
1215	5.466
1216	5.470
1217	5.475
1218	5.480
1219	5.486
1220	5.491
1221	5.497
1222	5.502
1223	5.508
1224	5.514
1225	5.520
1226	5.526
1227	5.532
1228	5.538
1229	5.544
1230	5.549
1231	5.555
1232	5.560
1233	5.565
1234	5.570
1235	5.575
1236	5.579
1237	5.584
1238	5.588
1239	5.592
1240	5.595
1241	5.599
1242	5.602
1243	5.605
1244	5.608
1245	5.611
1246	5.614
1247	5.616
1248	5.618
1249	5.620
1250	5.621
1251	5.623
1252	5.624
1253	5.625
1254	5.626
1255	5.626
1256	5.627
1257	5.628
1258	5.629
1259	5.629
1260	5.630
1261	5.630
1262	5.630
1263	5.630
1264	5.630
1265	5.629
1266	5.629
1267	5.629
1268	5.628
1269	5.628
1270	5.627
1271	5.626
1272	5.625
1273	5.624
1274	5.623
1275	5.621
1276	5.621
1277	5.619
1278	5.617
1279	5.615
1280	5.614
1281	5.612
1282	5.610
1283	5.608
1284	5.607
1285	5.604
1286	5.603
1287	5.601
1288	5.599
1289	5.597
1290	5.595
1291	5.593
1292	5.591
1293	5.590
1294	5.588
1295	5.586
1296	5.584
1297	5.583
1298	5.580
1299	5.578
1300	5.577
1301	5.575
1302	5.573
1303	5.570
1304	5.569
1305	5.567
1306	5.566
1307	5.564
1308	5.562
1309	5.561
1310	5.559
1311	5.558
1312	5.557
1313	5.556
1314	5.555
1315	5.555
1316	5.554
1317	5.554
1318	5.554
1319	5.555
1320	5.555
1321	5.556
1322	5.558
1323	5.559
1324	5.562
1325	5.565
1326	5.568
1327	5.571
1328	5.575
1329	5.580
1330	5.585
1331	5.590
1332	5.597
1333	5.604
1334	5.611
1335	5.618
1336	5.626
1337	5.634
1338	5.643
1339	5.653
1340	5.662
1341	5.671
1342	5.682
1343	5.691
1344	5.701
1345	5.712
1346	5.722
1347	5.732
1348	5.742
1349	5.752
1350	5.762
1351	5.772
1352	5.781
1353	5.790
1354	5.799
1355	5.808
1356	5.817
1357	5.825
1358	5.832
1359	5.839
1360	5.846
1361	5.853
1362	5.859
1363	5.865
1364	5.871
1365	5.876
1366	5.881
1367	5.885
1368	5.889
1369	5.893
1370	5.897
1371	5.899
1372	5.902
1373	5.904
1374	5.907
1375	5.908
1376	5.910
1377	5.910
1378	5.911
1379	5.911
1380	5.911
1381	5.911
1382	5.910
1383	5.909
1384	5.908
1385	5.906
1386	5.905
1387	5.903
1388	5.901
1389	5.898
1390	5.896
1391	5.893
1392	5.890
1393	5.887
1394	5.884
1395	5.881
1396	5.877
1397	5.873
1398	5.870
1399	5.866
1400	5.862
1401	5.858
1402	5.854
1403	5.851
1404	5.847
1405	5.843
1406	5.838
1407	5.834
1408	5.830
1409	5.826
1410	5.822
1411	5.818
1412	5.814
1413	5.810
1414	5.805
1415	5.801
1416	5.797
1417	5.793
1418	5.789
1419	5.785
1420	5.782
1421	5.778
1422	5.774
1423	5.770
1424	5.767
1425	5.763
1426	5.760
1427	5.757
1428	5.753
1429	5.750
1430	5.747
1431	5.744
1432	5.741
1433	5.738
1434	5.735
1435	5.731
1436	5.729
1437	5.726
1438	5.723
1439	5.720
1440	5.718
1441	5.715
1442	5.712
1443	5.710
1444	5.707
1445	5.705
1446	5.702
1447	5.700
1448	5.697
1449	5.695
1450	5.693
1451	5.691
1452	5.688
1453	5.686
1454	5.684
1455	5.682
1456	5.680
1457	5.678
1458	5.676
1459	5.674
1460	5.672
1461	5.670
1462	5.668
1463	5.666
1464	5.664
1465	5.662
1466	5.660
1467	5.658
1468	5.656
1469	5.654
1470	5.652
1471	5.651
1472	5.649
1473	5.647
1474	5.645
1475	5.643
1476	5.641
1477	5.640
1478	5.638
1479	5.637
1480	5.635
1481	5.634
1482	5.633
1483	5.632
1484	5.632
1485	5.632
1486	5.632
1487	5.633
1488	5.633
1489	5.635
1490	5.637
1491	5.639
1492	5.642
1493	5.645
1494	5.649
1495	5.654
1496	5.659
1497	5.665
1498	5.672
1499	5.679
1500	5.687
1501	5.695
1502	5.704
1503	5.713
1504	5.723
1505	5.733
1506	5.743
1507	5.754
1508	5.764
1509	5.774
1510	5.785
1511	5.795
1512	5.806
1513	5.817
1514	5.827
1515	5.837
1516	5.847
1517	5.857
1518	5.867
1519	5.876
1520	5.885
1521	5.894
1522	5.902
1523	5.910
1524	5.918
1525	5.926
1526	5.933
1527	5.939
1528	5.946
1529	5.951
1530	5.957
1531	5.962
1532	5.968
1533	5.972
1534	5.976
1535	5.980
1536	5.983
1537	5.986
1538	5.988
1539	5.991
1540	5.993
1541	5.994
1542	5.996
1543	5.997
1544	5.997
1545	5.998
1546	5.998
1547	5.998
1548	5.998
1549	5.997
1550	5.996
1551	5.995
1552	5.994
1553	5.992
1554	5.990
1555	5.988
1556	5.985
1557	5.983
1558	5.981
1559	5.978
1560	5.975
1561	5.972
1562	5.969
1563	5.966
1564	5.962
1565	5.959
1566	5.955
1567	5.951
1568	5.948
1569	5.943
1570	5.940
1571	5.935
1572	5.931
1573	5.927
1574	5.923
1575	5.919
1576	5.915
1577	5.911
1578	5.906
1579	5.902
1580	5.898
1581	5.895
1582	5.890
1583	5.886
1584	5.883
1585	5.879
1586	5.875
1587	5.872
1588	5.868
1589	5.865
1590	5.861
1591	5.857
1592	5.853
1593	5.850
1594	5.846
1595	5.843
1596	5.839
1597	5.836
1598	5.833
1599	5.829
1600	5.826
1601	5.823
1602	5.820
1603	5.816
1604	5.813
1605	5.810
1606	5.807
1607	5.804
1608	5.802
1609	5.799
1610	5.796
1611	5.794
1612	5.791
1613	5.788
1614	5.786
1615	5.783
1616	5.781
1617	5.778
1618	5.776
1619	5.773
1620	5.771
1621	5.769
1622	5.766
1623	5.763
1624	5.761
1625	5.759
1626	5.756
1627	5.754
1628	5.751
1629	5.749
1630	5.747
1631	5.744
1632	5.742
1633	5.740
1634	5.738
1635	5.735
1636	5.734
1637	5.732
1638	5.729
1639	5.728
1640	5.725
1641	5.723
1642	5.722
1643	5.720
1644	5.718
1645	5.717
1646	5.715
1647	5.714
1648	5.713
1649	5.712
1650	5.711
1651	5.710
1652	5.710
1653	5.709
1654	5.708
1655	5.709
1656	5.708
1657	5.708
1658	5.708
1659	5.708
1660	5.708
1661	5.708
1662	5.709
1663	5.709
1664	5.709
1665	5.709
1666	5.710
1667	5.711
1668	5.711
1669	5.712
1670	5.712
1671	5.713
1672	5.714
1673	5.714
1674	5.715
1675	5.716
1676	5.716
1677	5.717
1678	5.718
1679	5.718
1680	5.719
1681	5.719
1682	5.720
1683	5.720
1684	5.720
1685	5.721
1686	5.721
1687	5.722
1688	5.722
1689	5.722
1690	5.723
1691	5.723
1692	5.724
1693	5.724
1694	5.725
1695	5.725
1696	5.726
1697	5.726
1698	5.727
1699	5.727
1700	5.728
1701	5.728
1702	5.728
1703	5.728
1704	5.728
1705	5.729
1706	5.729
1707	5.729
1708	5.729
1709	5.729
1710	5.730
1711	5.730
1712	5.729
1713	5.730
1714	5.729
1715	5.729
1716	5.729
1717	5.729
1718	5.729
1719	5.729
1720	5.730
1721	5.729
1722	5.730
1723	5.730
1724	5.729
1725	5.729
1726	5.730
1727	5.730
1728	5.729
1729	5.729
1730	5.729
1731	5.728
1732	5.729
1733	5.728
1734	5.727
1735	5.727
1736	5.727
1737	5.726
1738	5.726
1739	5.725
1740	5.725
1741	5.724
1742	5.724
1743	5.723
1744	5.723
1745	5.722
1746	5.722
1747	5.722
1748	5.721
1749	5.721
1750	5.721
1751	5.720
1752	5.720
1753	5.720
1754	5.720
1755	5.720
1756	5.720
1757	5.720
1758	5.720
1759	5.721
1760	5.721
1761	5.722
1762	5.723
1763	5.724
1764	5.725
1765	5.726
1766	5.728
1767	5.730
1768	5.731
1769	5.734
1770	5.736
1771	5.738
1772	5.741
1773	5.743
1774	5.747
1775	5.749
1776	5.752
1777	5.756
1778	5.759
1779	5.763
1780	5.765
1781	5.769
1782	5.772
1783	5.775
1784	5.778
1785	5.781
1786	5.784
1787	5.788
1788	5.790
1789	5.794
1790	5.796
1791	5.799
1792	5.801
1793	5.803
1794	5.805
1795	5.807
1796	5.809
1797	5.811
1798	5.813
1799	5.814
1800	5.815
1801	5.817
1802	5.818
1803	5.819
1804	5.820
1805	5.821
1806	5.821
1807	5.822
1808	5.822
1809	5.823
1810	5.823
1811	5.823
1812	5.823
1813	5.823
1814	5.822
1815	5.822
1816	5.822
1817	5.821
1818	5.820
1819	5.820
1820	5.819
1821	5.818
1822	5.817
1823	5.816
1824	5.815
1825	5.814
1826	5.813
1827	5.811
1828	5.810
1829	5.809
1830	5.807
1831	5.806
1832	5.805
1833	5.802
1834	5.801
1835	5.799
1836	5.798
1837	5.796
1838	5.795
1839	5.793
1840	5.791
1841	5.789
1842	5.788
1843	5.786
1844	5.784
1845	5.781
1846	5.779
1847	5.777
1848	5.776
1849	5.773
1850	5.771
1851	5.769
1852	5.767
1853	5.765
1854	5.763
1855	5.761
1856	5.760
1857	5.758
1858	5.756
1859	5.754
1860	5.752
1861	5.751
1862	5.749
1863	5.747
1864	5.745
1865	5.744
1866	5.742
1867	5.741
1868	5.739
1869	5.738
1870	5.736
1871	5.735
1872	5.733
1873	5.732
1874	5.730
1875	5.729
1876	5.727
1877	5.726
1878	5.724
1879	5.723
1880	5.722
1881	5.720
1882	5.719
1883	5.718
1884	5.716
1885	5.715
1886	5.714
1887	5.713
1888	5.711
1889	5.710
1890	5.709
1891	5.708
1892	5.706
1893	5.705
1894	5.704
1895	5.703
1896	5.702
1897	5.701
1898	5.700
1899	5.699
1900	5.698
1901	5.698
1902	5.696
1903	5.695
1904	5.694
1905	5.693
1906	5.692
1907	5.691
1908	5.690
1909	5.689
1910	5.688
1911	5.687
1912	5.686
1913	5.685
1914	5.684
1915	5.684
1916	5.683
1917	5.682
1918	5.681
1919	5.681
1920	5.680
1921	5.680
1922	5.679
1923	5.679
1924	5.678
1925	5.678
1926	5.677
1927	5.676
1928	5.676
1929	5.675
1930	5.675
1931	5.674
1932	5.674
1933	5.673
1934	5.673
1935	5.671
1936	5.671
1937	5.670
1938	5.669
1939	5.669
1940	5.668
1941	5.667
1942	5.667
1943	5.666
1944	5.666
1945	5.665
1946	5.664
1947	5.664
1948	5.663
1949	5.662
1950	5.662
1951	5.661
1952	5.660
1953	5.660
1954	5.660
1955	5.660
1956	5.659
1957	5.659
1958	5.659
1959	5.659
1960	5.659
1961	5.658
1962	5.658
1963	5.658
1964	5.658
1965	5.659
1966	5.658
1967	5.659
1968	5.659
1969	5.660
1970	5.660
1971	5.660
1972	5.661
1973	5.662
1974	5.662
1975	5.663
1976	5.663
1977	5.664
1978	5.664
1979	5.665
1980	5.665
1981	5.665
1982	5.666
1983	5.666
1984	5.666
1985	5.666
1986	5.666
1987	5.666
1988	5.666
1989	5.666
1990	5.666
1991	5.667
1992	5.666
1993	5.666
1994	5.667
1995	5.666
1996	5.667
1997	5.667
1998	5.667
1999	5.667
2000	5.667
2001	5.667
2002	5.667
2003	5.668
2004	5.668
2005	5.668
2006	5.668
2007	5.668
2008	5.669
2009	5.669
2010	5.669
2011	5.670
2012	5.669
2013	5.670
2014	5.670
2015	5.671
2016	5.671
2017	5.672
2018	5.672
2019	5.673
2020	5.673
2021	5.673
2022	5.674
2023	5.674
2024	5.675
2025	5.675
2026	5.675
2027	5.675
2028	5.675
2029	5.676
2030	5.676
2031	5.677
2032	5.677
2033	5.678
2034	5.678
2035	5.679
2036	5.679
2037	5.680
2038	5.681
2039	5.683
2040	5.684
2041	5.685
2042	5.687
2043	5.689
2044	5.691
2045	5.693
2046	5.695
2047	5.698
2048	5.701
2049	5.705
2050	5.708
2051	5.712
2052	5.716
2053	5.719
2054	5.722
2055	5.726
2056	5.730
2057	5.734
2058	5.738
2059	5.742
2060	5.747
2061	5.750
2062	5.754
2063	5.759
2064	5.762
2065	5.765
2066	5.769
2067	5.772
2068	5.776
2069	5.779
2070	5.782
2071	5.784
2072	5.788
2073	5.790
2074	5.793
2075	5.794
2076	5.796
2077	5.797
2078	5.799
2079	5.800
2080	5.801
2081	5.801
2082	5.800
2083	5.800
2084	5.800
2085	5.799
2086	5.800
2087	5.800
2088	5.801
2089	5.802
2090	5.803
2091	5.804
2092	5.804
2093	5.805
2094	5.805
2095	5.806
2096	5.806
2097	5.807
2098	5.808
2099	5.809
2100	5.809
2101	5.810
2102	5.811
2103	5.812
2104	5.812
2105	5.813
2106	5.813
2107	5.814
2108	5.816
2109	5.816
2110	5.818
2111	5.819
2112	5.820
2113	5.821
2114	5.822
2115	5.824
2116	5.825
2117	5.826
2118	5.828
2119	5.830
2120	5.832
2121	5.834
2122	5.837
2123	5.840
2124	5.843
2125	5.846
2126	5.850
2127	5.853
2128	5.857
2129	5.862
2130	5.866
2131	5.871
2132	5.876
2133	5.881
2134	5.886
2135	5.892
2136	5.897
2137	5.902
2138	5.908
2139	5.914
2140	5.919
2141	5.924
2142	5.929
2143	5.934
2144	5.937
2145	5.942
2146	5.946
2147	5.950
2148	5.954
2149	5.957
2150	5.961
2151	5.964
2152	5.968
2153	5.972
2154	5.975
2155	5.978
2156	5.981
2157	5.984
2158	5.987
2159	5.990
2160	5.993
2161	5.996
2162	5.998
2163	6.000
2164	6.002
2165	6.005
2166	6.006
2167	6.008
2168	6.010
2169	6.012
2170	6.013
2171	6.014
2172	6.016
2173	6.017
2174	6.019
2175	6.019
2176	6.020
2177	6.021
2178	6.022
2179	6.023
2180	6.023
2181	6.023
2182	6.023
2183	6.024
2184	6.024
2185	6.024
2186	6.024
2187	6.023
2188	6.023
2189	6.022
2190	6.022
2191	6.021
2192	6.020
2193	6.019
2194	6.018
2195	6.016
2196	6.015
2197	6.013
2198	6.011
2199	6.009
2200	6.008
2201	6.005
2202	6.004
2203	6.001
2204	5.998
2205	5.996
2206	5.993
2207	5.991
2208	5.988
2209	5.986
2210	5.984
2211	5.981
2212	5.978
2213	5.976
2214	5.973
2215	5.971
2216	5.968
2217	5.966
2218	5.964
2219	5.962
2220	5.960
2221	5.957
2222	5.955
2223	5.953
2224	5.952
2225	5.949
2226	5.947
2227	5.945
2228	5.943
2229	5.941
2230	5.939
2231	5.937
2232	5.934
2233	5.932
2234	5.930
2235	5.928
2236	5.926
2237	5.924
2238	5.922
2239	5.920
2240	5.918
2241	5.916
2242	5.914
2243	5.912
2244	5.910
2245	5.908
2246	5.906
2247	5.904
2248	5.901
2249	5.899
2250	5.898
2251	5.896
2252	5.894
2253	5.892
2254	5.890
2255	5.889
2256	5.887
2257	5.885
2258	5.883
2259	5.882
2260	5.880
2261	5.879
2262	5.877
2263	5.875
2264	5.874
2265	5.873
2266	5.872
2267	5.870
2268	5.869
2269	5.868
2270	5.867
2271	5.866
2272	5.865
2273	5.864
2274	5.863
2275	5.862
2276	5.862
2277	5.861
2278	5.860
2279	5.859
2280	5.858
2281	5.858
2282	5.857
2283	5.857
2284	5.856
2285	5.855
2286	5.855
2287	5.854
2288	5.854
2289	5.853
2290	5.853
2291	5.853
2292	5.853
2293	5.853
2294	5.854
2295	5.854
2296	5.855
2297	5.855
2298	5.856
2299	5.857
2300	5.857
2301	5.858
2302	5.859
2303	5.860
2304	5.860
2305	5.861
2306	5.862
2307	5.862
2308	5.863
2309	5.864
2310	5.865
2311	5.866
2312	5.867
2313	5.867
2314	5.868
2315	5.869
2316	5.870
2317	5.870
2318	5.871
2319	5.872
2320	5.872
2321	5.873
2322	5.874
2323	5.874
2324	5.875
2325	5.876
2326	5.876
2327	5.878
2328	5.878
2329	5.879
2330	5.879
2331	5.880
2332	5.880
2333	5.881
2334	5.882
2335	5.882
2336	5.883
2337	5.884
2338	5.884
2339	5.884
2340	5.885
2341	5.885
2342	5.886
2343	5.886
2344	5.886
2345	5.887
2346	5.887
2347	5.887
2348	5.888
2349	5.888
2350	5.888
2351	5.888
2352	5.888
2353	5.888
2354	5.888
2355	5.888
2356	5.888
2357	5.888
2358	5.888
2359	5.888
2360	5.888
2361	5.888
2362	5.888
2363	5.888
2364	5.888
2365	5.888
2366	5.888
2367	5.888
2368	5.888
2369	5.888
2370	5.888
2371	5.888
2372	5.888
2373	5.888
2374	5.887
2375	5.886
2376	5.886
2377	5.886
2378	5.886
2379	5.885
2380	5.885
2381	5.884
2382	5.884
2383	5.884
2384	5.883
2385	5.883
2386	5.882
2387	5.881
2388	5.880
2389	5.880
2390	5.879
2391	5.879
2392	5.878
2393	5.877
2394	5.876
2395	5.875
2396	5.874
2397	5.873
2398	5.872
2399	5.872
2400	5.871
2401	5.870
2402	5.869
2403	5.867
2404	5.866
2405	5.865
2406	5.864
2407	5.863
2408	5.861
2409	5.860
2410	5.858
2411	5.857
2412	5.856
2413	5.854
2414	5.854
2415	5.852
2416	5.850
2417	5.849
2418	5.848
2419	5.847
2420	5.845
2421	5.845
2422	5.844
2423	5.842
2424	5.841
2425	5.840
2426	5.839
2427	5.838
2428	5.837
2429	5.836
2430	5.834
2431	5.834
2432	5.832
2433	5.831
2434	5.830
2435	5.828
2436	5.827
2437	5.826
2438	5.825
2439	5.823
2440	5.822
2441	5.821
2442	5.820
2443	5.819
2444	5.818
2445	5.817
2446	5.816
2447	5.815
2448	5.814
2449	5.813
2450	5.812
2451	5.811
2452	5.810
2453	5.809
2454	5.808
2455	5.807
2456	5.806
2457	5.805
2458	5.804
2459	5.803
2460	5.803
2461	5.802
2462	5.801
2463	5.801
2464	5.800
2465	5.799
2466	5.798
2467	5.797
2468	5.796
2469	5.795
2470	5.795
2471	5.794
2472	5.793
2473	5.792
2474	5.791
2475	5.790
2476	5.789
2477	5.788
2478	5.787
2479	5.787
2480	5.786
2481	5.785
2482	5.784
2483	5.783
2484	5.782
2485	5.782
2486	5.780
2487	5.780
2488	5.779
2489	5.778
2490	5.777
2491	5.776
2492	5.776
2493	5.775
2494	5.774
2495	5.774
2496	5.773
2497	5.773
2498	5.772
2499	5.771
2500	5.770
2501	5.770
2502	5.769
2503	5.768
2504	5.767
2505	5.767
2506	5.766
2507	5.766
2508	5.765
2509	5.764
2510	5.764
2511	5.764
2512	5.763
2513	5.763
2514	5.763
2515	5.762
2516	5.762
2517	5.761
2518	5.761
2519	5.760
2520	5.759
2521	5.759
2522	5.758
2523	5.758
2524	5.757
2525	5.758
2526	5.757
2527	5.757
2528	5.757
2529	5.756
2530	5.755
2531	5.755
2532	5.755
2533	5.754
2534	5.754
2535	5.753
2536	5.753
2537	5.752
2538	5.751
2539	5.751
2540	5.750
2541	5.750
2542	5.749
2543	5.748
2544	5.748
2545	5.747
2546	5.747
2547	5.746
2548	5.745
2549	5.745
2550	5.745
2551	5.744
2552	5.744
2553	5.743
2554	5.743
2555	5.742
2556	5.741
2557	5.740
2558	5.740
2559	5.739
2560	5.739
2561	5.738
2562	5.738
2563	5.737
2564	5.737
2565	5.736
2566	7.585
2567	232.558
2568	232.558
2569	232.558
2570	232.558
2571	232.558
2572	232.558
2573	232.558
2574	232.558
2575	232.558
2576	232.558
2577	232.558
2578	232.558
2579	232.558
2580	232.558
2581	232.558
2582	232.558
2583	232.558
2584	232.558
2585	232.558
2586	232.558
2587	232.558
2588	232.558
2589	232.558
2590	232.558
2591	232.558

<Unbearbeitete Daten exportiert>
