Unbearbeiteter Daten-Export (tab separat)


Klient:	Sebastian,Heckner
Sitzung:	11_Sebi 
Datum:	2021-04-20
Zeit:	15:46:47
Dauer:	61	Sekunden.
Abtastrate:	32	Samples/sek.

Beispiele	32 SPS	
Zeit	Sensor-C:EDA (Hautleitwert)	


0	1.701
1	1.331
2	1.330
3	1.330
4	1.330
5	1.330
6	1.329
7	1.329
8	1.329
9	1.329
10	1.328
11	1.328
12	1.328
13	1.328
14	1.328
15	1.327
16	1.327
17	1.327
18	1.327
19	1.350
20	1.426
21	1.426
22	1.426
23	1.427
24	1.427
25	1.427
26	1.427
27	1.427
28	1.427
29	1.428
30	1.428
31	1.428
32	1.428
33	1.428
34	1.428
35	1.429
36	1.429
37	1.429
38	1.429
39	1.429
40	1.429
41	1.430
42	1.430
43	1.430
44	1.430
45	1.430
46	1.431
47	1.431
48	1.431
49	1.431
50	1.432
51	1.432
52	1.432
53	1.432
54	1.433
55	1.433
56	1.433
57	1.434
58	1.434
59	1.434
60	1.434
61	1.435
62	1.435
63	1.435
64	1.436
65	1.436
66	1.436
67	1.437
68	1.437
69	1.437
70	1.437
71	1.438
72	1.438
73	1.438
74	1.438
75	1.439
76	1.439
77	1.439
78	1.439
79	1.440
80	1.440
81	1.440
82	1.440
83	1.440
84	1.440
85	1.441
86	1.441
87	1.441
88	1.441
89	1.441
90	1.442
91	1.442
92	1.442
93	1.442
94	1.442
95	1.443
96	1.443
97	1.443
98	1.443
99	1.443
100	1.444
101	1.444
102	1.444
103	1.444
104	1.444
105	1.444
106	1.444
107	1.444
108	1.445
109	1.445
110	1.445
111	1.445
112	1.445
113	1.445
114	1.445
115	1.445
116	1.445
117	1.446
118	1.446
119	1.446
120	1.446
121	1.446
122	1.446
123	1.446
124	1.446
125	1.446
126	1.446
127	1.446
128	1.446
129	1.446
130	1.446
131	1.446
132	1.446
133	1.446
134	1.446
135	1.446
136	1.446
137	1.446
138	1.446
139	1.446
140	1.446
141	1.446
142	1.446
143	1.446
144	1.446
145	1.446
146	1.446
147	1.446
148	1.446
149	1.446
150	1.446
151	1.446
152	1.446
153	1.446
154	1.446
155	1.446
156	1.446
157	1.446
158	1.446
159	1.446
160	1.446
161	1.446
162	1.446
163	1.446
164	1.446
165	1.446
166	1.446
167	1.446
168	1.446
169	1.446
170	1.446
171	1.446
172	1.446
173	1.447
174	1.447
175	1.447
176	1.447
177	1.447
178	1.447
179	1.447
180	1.447
181	1.448
182	1.448
183	1.448
184	1.448
185	1.448
186	1.448
187	1.449
188	1.449
189	1.449
190	1.449
191	1.450
192	1.450
193	1.450
194	1.450
195	1.451
196	1.451
197	1.451
198	1.451
199	1.452
200	1.452
201	1.452
202	1.453
203	1.453
204	1.453
205	1.454
206	1.454
207	1.454
208	1.455
209	1.455
210	1.455
211	1.456
212	1.456
213	1.456
214	1.457
215	1.457
216	1.457
217	1.458
218	1.458
219	1.458
220	1.459
221	1.459
222	1.460
223	1.460
224	1.460
225	1.461
226	1.461
227	1.461
228	1.462
229	1.462
230	1.462
231	1.463
232	1.463
233	1.463
234	1.464
235	1.464
236	1.464
237	1.464
238	1.465
239	1.465
240	1.465
241	1.466
242	1.466
243	1.466
244	1.466
245	1.467
246	1.467
247	1.467
248	1.468
249	1.468
250	1.468
251	1.468
252	1.469
253	1.469
254	1.469
255	1.469
256	1.470
257	1.470
258	1.470
259	1.470
260	1.470
261	1.471
262	1.471
263	1.471
264	1.471
265	1.471
266	1.472
267	1.472
268	1.472
269	1.472
270	1.472
271	1.473
272	1.473
273	1.473
274	1.473
275	1.473
276	1.473
277	1.474
278	1.474
279	1.474
280	1.474
281	1.474
282	1.474
283	1.474
284	1.475
285	1.475
286	1.475
287	1.475
288	1.475
289	1.475
290	1.475
291	1.475
292	1.476
293	1.476
294	1.476
295	1.476
296	1.476
297	1.476
298	1.476
299	1.476
300	1.476
301	1.477
302	1.477
303	1.477
304	1.477
305	1.477
306	1.477
307	1.477
308	1.477
309	1.477
310	1.477
311	1.477
312	1.477
313	1.478
314	1.478
315	1.478
316	1.478
317	1.478
318	1.478
319	1.478
320	1.478
321	1.478
322	1.478
323	1.478
324	1.478
325	1.478
326	1.478
327	1.478
328	1.478
329	1.478
330	1.478
331	1.478
332	1.478
333	1.478
334	1.478
335	1.478
336	1.478
337	1.478
338	1.478
339	1.478
340	1.478
341	1.478
342	1.478
343	1.478
344	1.478
345	1.478
346	1.478
347	1.478
348	1.478
349	1.478
350	1.478
351	1.478
352	1.478
353	1.478
354	1.478
355	1.478
356	1.478
357	1.478
358	1.478
359	1.478
360	1.478
361	1.478
362	1.478
363	1.478
364	1.478
365	1.479
366	1.479
367	1.479
368	1.479
369	1.480
370	1.480
371	1.480
372	1.480
373	1.481
374	1.481
375	1.482
376	1.482
377	1.483
378	1.483
379	1.484
380	1.484
381	1.485
382	1.485
383	1.486
384	1.487
385	1.487
386	1.488
387	1.489
388	1.489
389	1.490
390	1.491
391	1.492
392	1.493
393	1.493
394	1.494
395	1.495
396	1.496
397	1.497
398	1.498
399	1.499
400	1.499
401	1.500
402	1.501
403	1.502
404	1.503
405	1.504
406	1.505
407	1.505
408	1.506
409	1.507
410	1.508
411	1.509
412	1.510
413	1.511
414	1.511
415	1.512
416	1.513
417	1.514
418	1.515
419	1.516
420	1.516
421	1.517
422	1.518
423	1.519
424	1.520
425	1.521
426	1.521
427	1.522
428	1.523
429	1.524
430	1.524
431	1.525
432	1.526
433	1.527
434	1.527
435	1.528
436	1.529
437	1.529
438	1.530
439	1.531
440	1.531
441	1.532
442	1.533
443	1.533
444	1.534
445	1.535
446	1.535
447	1.536
448	1.536
449	1.537
450	1.538
451	1.538
452	1.539
453	1.539
454	1.540
455	1.541
456	1.541
457	1.542
458	1.542
459	1.543
460	1.543
461	1.544
462	1.545
463	1.545
464	1.546
465	1.546
466	1.547
467	1.547
468	1.548
469	1.548
470	1.549
471	1.549
472	1.550
473	1.550
474	1.551
475	1.551
476	1.552
477	1.552
478	1.553
479	1.553
480	1.554
481	1.554
482	1.555
483	1.555
484	1.556
485	1.556
486	1.557
487	1.557
488	1.557
489	1.558
490	1.558
491	1.558
492	1.559
493	1.559
494	1.559
495	1.560
496	1.560
497	1.560
498	1.561
499	1.561
500	1.561
501	1.562
502	1.562
503	1.562
504	1.562
505	1.563
506	1.563
507	1.563
508	1.563
509	1.564
510	1.564
511	1.564
512	1.564
513	1.564
514	1.565
515	1.565
516	1.565
517	1.565
518	1.565
519	1.565
520	1.566
521	1.566
522	1.566
523	1.566
524	1.566
525	1.566
526	1.566
527	1.567
528	1.567
529	1.567
530	1.567
531	1.567
532	1.567
533	1.568
534	1.568
535	1.568
536	1.568
537	1.568
538	1.568
539	1.569
540	1.569
541	1.569
542	1.569
543	1.569
544	1.569
545	1.569
546	1.569
547	1.569
548	1.570
549	1.570
550	1.570
551	1.570
552	1.570
553	1.570
554	1.570
555	1.570
556	1.570
557	1.570
558	1.570
559	1.570
560	1.570
561	1.570
562	1.571
563	1.571
564	1.571
565	1.571
566	1.571
567	1.571
568	1.571
569	1.571
570	1.571
571	1.570
572	1.570
573	1.570
574	1.570
575	1.570
576	1.570
577	1.570
578	1.570
579	1.570
580	1.570
581	1.570
582	1.570
583	1.570
584	1.570
585	1.570
586	1.570
587	1.570
588	1.570
589	1.570
590	1.569
591	1.569
592	1.569
593	1.569
594	1.569
595	1.569
596	1.569
597	1.569
598	1.569
599	1.568
600	1.568
601	1.568
602	1.568
603	1.568
604	1.568
605	1.568
606	1.568
607	1.567
608	1.567
609	1.567
610	1.567
611	1.567
612	1.567
613	1.567
614	1.566
615	1.566
616	1.566
617	1.566
618	1.566
619	1.566
620	1.566
621	1.565
622	1.565
623	1.565
624	1.565
625	1.565
626	1.565
627	1.565
628	1.564
629	1.564
630	1.564
631	1.564
632	1.564
633	1.564
634	1.564
635	1.563
636	1.563
637	1.563
638	1.563
639	1.563
640	1.563
641	1.563
642	1.563
643	1.563
644	1.562
645	1.562
646	1.562
647	1.562
648	1.562
649	1.562
650	1.562
651	1.562
652	1.562
653	1.562
654	1.562
655	1.562
656	1.562
657	1.562
658	1.562
659	1.562
660	1.562
661	1.562
662	1.562
663	1.562
664	1.562
665	1.562
666	1.562
667	1.562
668	1.562
669	1.562
670	1.562
671	1.562
672	1.562
673	1.562
674	1.562
675	1.563
676	1.563
677	1.563
678	1.563
679	1.563
680	1.563
681	1.563
682	1.563
683	1.563
684	1.563
685	1.564
686	1.564
687	1.564
688	1.564
689	1.564
690	1.564
691	1.564
692	1.564
693	1.564
694	1.564
695	1.565
696	1.565
697	1.565
698	1.565
699	1.565
700	1.565
701	1.565
702	1.565
703	1.565
704	1.565
705	1.565
706	1.565
707	1.565
708	1.565
709	1.565
710	1.565
711	1.565
712	1.565
713	1.565
714	1.565
715	1.565
716	1.565
717	1.565
718	1.565
719	1.565
720	1.565
721	1.565
722	1.565
723	1.565
724	1.565
725	1.565
726	1.565
727	1.565
728	1.565
729	1.565
730	1.565
731	1.565
732	1.565
733	1.565
734	1.565
735	1.565
736	1.565
737	1.565
738	1.565
739	1.564
740	1.564
741	1.564
742	1.564
743	1.564
744	1.564
745	1.564
746	1.564
747	1.564
748	1.563
749	1.563
750	1.563
751	1.563
752	1.563
753	1.563
754	1.562
755	1.562
756	1.562
757	1.562
758	1.562
759	1.561
760	1.561
761	1.561
762	1.561
763	1.561
764	1.560
765	1.560
766	1.560
767	1.560
768	1.560
769	1.559
770	1.559
771	1.559
772	1.559
773	1.558
774	1.558
775	1.558
776	1.558
777	1.558
778	1.557
779	1.557
780	1.557
781	1.557
782	1.557
783	1.557
784	1.556
785	1.556
786	1.556
787	1.556
788	1.556
789	1.556
790	1.555
791	1.555
792	1.555
793	1.555
794	1.555
795	1.555
796	1.554
797	1.554
798	1.554
799	1.554
800	1.554
801	1.554
802	1.553
803	1.553
804	1.553
805	1.553
806	1.553
807	1.553
808	1.553
809	1.552
810	1.552
811	1.552
812	1.552
813	1.552
814	1.552
815	1.551
816	1.551
817	1.551
818	1.551
819	1.551
820	1.551
821	1.550
822	1.550
823	1.550
824	1.550
825	1.550
826	1.550
827	1.549
828	1.549
829	1.549
830	1.549
831	1.549
832	1.549
833	1.549
834	1.549
835	1.549
836	1.549
837	1.549
838	1.549
839	1.549
840	1.549
841	1.549
842	1.549
843	1.549
844	1.549
845	1.549
846	1.549
847	1.549
848	1.550
849	1.550
850	1.550
851	1.550
852	1.551
853	1.551
854	1.551
855	1.552
856	1.552
857	1.552
858	1.553
859	1.553
860	1.553
861	1.554
862	1.554
863	1.555
864	1.555
865	1.556
866	1.556
867	1.556
868	1.557
869	1.557
870	1.558
871	1.558
872	1.559
873	1.559
874	1.560
875	1.560
876	1.561
877	1.561
878	1.562
879	1.562
880	1.563
881	1.563
882	1.564
883	1.564
884	1.565
885	1.565
886	1.565
887	1.566
888	1.566
889	1.567
890	1.567
891	1.568
892	1.568
893	1.569
894	1.569
895	1.569
896	1.570
897	1.570
898	1.571
899	1.571
900	1.572
901	1.572
902	1.572
903	1.573
904	1.573
905	1.573
906	1.574
907	1.574
908	1.574
909	1.575
910	1.575
911	1.575
912	1.576
913	1.576
914	1.576
915	1.576
916	1.577
917	1.577
918	1.577
919	1.577
920	1.578
921	1.578
922	1.578
923	1.578
924	1.578
925	1.579
926	1.579
927	1.579
928	1.579
929	1.579
930	1.579
931	1.580
932	1.580
933	1.580
934	1.580
935	1.580
936	1.580
937	1.580
938	1.580
939	1.580
940	1.581
941	1.581
942	1.581
943	1.581
944	1.581
945	1.581
946	1.581
947	1.581
948	1.581
949	1.581
950	1.581
951	1.581
952	1.581
953	1.581
954	1.581
955	1.581
956	1.581
957	1.581
958	1.581
959	1.580
960	1.580
961	1.580
962	1.580
963	1.580
964	1.580
965	1.580
966	1.580
967	1.580
968	1.580
969	1.579
970	1.579
971	1.579
972	1.579
973	1.579
974	1.579
975	1.579
976	1.579
977	1.578
978	1.578
979	1.578
980	1.578
981	1.578
982	1.578
983	1.578
984	1.577
985	1.577
986	1.577
987	1.577
988	1.577
989	1.577
990	1.577
991	1.576
992	1.576
993	1.576
994	1.576
995	1.576
996	1.575
997	1.575
998	1.575
999	1.575
1000	1.575
1001	1.575
1002	1.575
1003	1.574
1004	1.574
1005	1.574
1006	1.574
1007	1.574
1008	1.573
1009	1.573
1010	1.573
1011	1.573
1012	1.573
1013	1.573
1014	1.572
1015	1.572
1016	1.572
1017	1.572
1018	1.572
1019	1.571
1020	1.571
1021	1.571
1022	1.571
1023	1.571
1024	1.570
1025	1.570
1026	1.570
1027	1.570
1028	1.570
1029	1.570
1030	1.569
1031	1.569
1032	1.569
1033	1.569
1034	1.569
1035	1.568
1036	1.568
1037	1.568
1038	1.568
1039	1.568
1040	1.568
1041	1.567
1042	1.567
1043	1.567
1044	1.567
1045	1.567
1046	1.566
1047	1.566
1048	1.566
1049	1.566
1050	1.566
1051	1.566
1052	1.566
1053	1.565
1054	1.565
1055	1.565
1056	1.565
1057	1.565
1058	1.565
1059	1.564
1060	1.564
1061	1.564
1062	1.564
1063	1.564
1064	1.564
1065	1.564
1066	1.563
1067	1.563
1068	1.563
1069	1.563
1070	1.563
1071	1.563
1072	1.563
1073	1.563
1074	1.562
1075	1.562
1076	1.562
1077	1.562
1078	1.562
1079	1.562
1080	1.562
1081	1.561
1082	1.561
1083	1.561
1084	1.561
1085	1.561
1086	1.561
1087	1.561
1088	1.561
1089	1.561
1090	1.561
1091	1.561
1092	1.561
1093	1.561
1094	1.561
1095	1.560
1096	1.560
1097	1.560
1098	1.560
1099	1.560
1100	1.560
1101	1.560
1102	1.560
1103	1.560
1104	1.560
1105	1.560
1106	1.560
1107	1.560
1108	1.560
1109	1.560
1110	1.560
1111	1.561
1112	1.561
1113	1.561
1114	1.561
1115	1.561
1116	1.561
1117	1.561
1118	1.561
1119	1.561
1120	1.562
1121	1.562
1122	1.562
1123	1.562
1124	1.562
1125	1.562
1126	1.562
1127	1.562
1128	1.562
1129	1.562
1130	1.562
1131	1.563
1132	1.563
1133	1.563
1134	1.563
1135	1.563
1136	1.563
1137	1.563
1138	1.563
1139	1.563
1140	1.563
1141	1.563
1142	1.564
1143	1.564
1144	1.564
1145	1.564
1146	1.564
1147	1.564
1148	1.565
1149	1.565
1150	1.565
1151	1.565
1152	1.566
1153	1.566
1154	1.566
1155	1.567
1156	1.567
1157	1.567
1158	1.568
1159	1.568
1160	1.569
1161	1.570
1162	1.570
1163	1.571
1164	1.572
1165	1.572
1166	1.573
1167	1.574
1168	1.575
1169	1.576
1170	1.577
1171	1.578
1172	1.579
1173	1.580
1174	1.581
1175	1.582
1176	1.583
1177	1.585
1178	1.586
1179	1.587
1180	1.589
1181	1.590
1182	1.591
1183	1.593
1184	1.594
1185	1.596
1186	1.597
1187	1.599
1188	1.600
1189	1.602
1190	1.603
1191	1.605
1192	1.606
1193	1.608
1194	1.609
1195	1.611
1196	1.613
1197	1.614
1198	1.616
1199	1.617
1200	1.619
1201	1.620
1202	1.622
1203	1.623
1204	1.625
1205	1.626
1206	1.628
1207	1.629
1208	1.630
1209	1.632
1210	1.633
1211	1.635
1212	1.636
1213	1.637
1214	1.639
1215	1.640
1216	1.641
1217	1.642
1218	1.644
1219	1.645
1220	1.646
1221	1.647
1222	1.648
1223	1.649
1224	1.650
1225	1.651
1226	1.652
1227	1.653
1228	1.655
1229	1.655
1230	1.656
1231	1.657
1232	1.658
1233	1.659
1234	1.660
1235	1.661
1236	1.661
1237	1.662
1238	1.663
1239	1.664
1240	1.664
1241	1.665
1242	1.666
1243	1.666
1244	1.667
1245	1.668
1246	1.668
1247	1.669
1248	1.669
1249	1.670
1250	1.670
1251	1.671
1252	1.671
1253	1.672
1254	1.672
1255	1.673
1256	1.673
1257	1.673
1258	1.674
1259	1.674
1260	1.674
1261	1.675
1262	1.675
1263	1.675
1264	1.676
1265	1.676
1266	1.676
1267	1.677
1268	1.677
1269	1.677
1270	1.677
1271	1.678
1272	1.678
1273	1.678
1274	1.678
1275	1.679
1276	1.679
1277	1.679
1278	1.679
1279	1.679
1280	1.679
1281	1.680
1282	1.680
1283	1.680
1284	1.680
1285	1.680
1286	1.680
1287	1.680
1288	1.680
1289	1.680
1290	1.680
1291	1.680
1292	1.680
1293	1.680
1294	1.680
1295	1.680
1296	1.680
1297	1.680
1298	1.680
1299	1.680
1300	1.680
1301	1.680
1302	1.680
1303	1.680
1304	1.680
1305	1.679
1306	1.679
1307	1.679
1308	1.679
1309	1.679
1310	1.679
1311	1.678
1312	1.678
1313	1.678
1314	1.678
1315	1.678
1316	1.677
1317	1.677
1318	1.677
1319	1.677
1320	1.677
1321	1.676
1322	1.676
1323	1.676
1324	1.676
1325	1.675
1326	1.675
1327	1.675
1328	1.675
1329	1.675
1330	1.674
1331	1.674
1332	1.674
1333	1.674
1334	1.674
1335	1.673
1336	1.673
1337	1.673
1338	1.673
1339	1.672
1340	1.672
1341	1.672
1342	1.672
1343	1.671
1344	1.671
1345	1.671
1346	1.671
1347	1.670
1348	1.670
1349	1.670
1350	1.670
1351	1.669
1352	1.669
1353	1.669
1354	1.668
1355	1.668
1356	1.668
1357	1.668
1358	1.667
1359	1.667
1360	1.667
1361	1.667
1362	1.666
1363	1.666
1364	1.666
1365	1.665
1366	1.665
1367	1.665
1368	1.665
1369	1.664
1370	1.664
1371	1.664
1372	1.664
1373	1.663
1374	1.663
1375	1.663
1376	1.663
1377	1.662
1378	1.662
1379	1.662
1380	1.661
1381	1.661
1382	1.661
1383	1.661
1384	1.660
1385	1.660
1386	1.660
1387	1.660
1388	1.659
1389	1.659
1390	1.659
1391	1.659
1392	1.659
1393	1.658
1394	1.658
1395	1.658
1396	1.657
1397	1.657
1398	1.657
1399	1.657
1400	1.657
1401	1.656
1402	1.656
1403	1.656
1404	1.656
1405	1.655
1406	1.655
1407	1.655
1408	1.655
1409	1.654
1410	1.654
1411	1.654
1412	1.654
1413	1.653
1414	1.653
1415	1.653
1416	1.653
1417	1.652
1418	1.652
1419	1.652
1420	1.652
1421	1.652
1422	1.652
1423	1.651
1424	1.651
1425	1.651
1426	1.651
1427	1.651
1428	1.651
1429	1.651
1430	1.651
1431	1.651
1432	1.651
1433	1.651
1434	1.651
1435	1.651
1436	1.651
1437	1.651
1438	1.651
1439	1.651
1440	1.651
1441	1.651
1442	1.651
1443	1.651
1444	1.651
1445	1.651
1446	1.651
1447	1.651
1448	1.651
1449	1.651
1450	1.651
1451	1.651
1452	1.651
1453	1.652
1454	1.652
1455	1.652
1456	1.652
1457	1.652
1458	1.652
1459	1.652
1460	1.653
1461	1.653
1462	1.653
1463	1.653
1464	1.653
1465	1.654
1466	1.654
1467	1.654
1468	1.654
1469	1.654
1470	1.655
1471	1.655
1472	1.655
1473	1.655
1474	1.656
1475	1.656
1476	1.656
1477	1.656
1478	1.656
1479	1.657
1480	1.657
1481	1.657
1482	1.657
1483	1.657
1484	1.658
1485	1.658
1486	1.658
1487	1.658
1488	1.659
1489	1.659
1490	1.659
1491	1.659
1492	1.659
1493	1.660
1494	1.660
1495	1.660
1496	1.660
1497	1.660
1498	1.660
1499	1.661
1500	1.661
1501	1.661
1502	1.661
1503	1.661
1504	1.661
1505	1.661
1506	1.661
1507	1.662
1508	1.662
1509	1.662
1510	1.662
1511	1.662
1512	1.662
1513	1.662
1514	1.662
1515	1.662
1516	1.662
1517	1.662
1518	1.662
1519	1.663
1520	1.663
1521	1.663
1522	1.663
1523	1.663
1524	1.663
1525	1.663
1526	1.663
1527	1.663
1528	1.664
1529	1.664
1530	1.664
1531	1.664
1532	1.664
1533	1.665
1534	1.665
1535	1.665
1536	1.665
1537	1.665
1538	1.666
1539	1.666
1540	1.666
1541	1.666
1542	1.666
1543	1.666
1544	1.667
1545	1.667
1546	1.667
1547	1.667
1548	1.668
1549	1.668
1550	1.668
1551	1.668
1552	1.668
1553	1.669
1554	1.669
1555	1.669
1556	1.669
1557	1.669
1558	1.669
1559	1.669
1560	1.669
1561	1.669
1562	1.669
1563	1.670
1564	1.670
1565	1.670
1566	1.670
1567	1.670
1568	1.670
1569	1.670
1570	1.670
1571	1.669
1572	1.669
1573	1.669
1574	1.669
1575	1.669
1576	1.669
1577	1.669
1578	1.669
1579	1.669
1580	1.669
1581	1.669
1582	1.669
1583	1.669
1584	1.670
1585	1.670
1586	1.670
1587	1.670
1588	1.670
1589	1.671
1590	1.671
1591	1.671
1592	1.671
1593	1.672
1594	1.672
1595	1.672
1596	1.672
1597	1.673
1598	1.673
1599	1.673
1600	1.674
1601	1.674
1602	1.674
1603	1.675
1604	1.675
1605	1.675
1606	1.676
1607	1.676
1608	1.676
1609	1.677
1610	1.677
1611	1.677
1612	1.678
1613	1.678
1614	1.678
1615	1.679
1616	1.679
1617	1.679
1618	1.680
1619	1.680
1620	1.680
1621	1.681
1622	1.681
1623	1.681
1624	1.682
1625	1.682
1626	1.682
1627	1.683
1628	1.683
1629	1.683
1630	1.683
1631	1.684
1632	1.684
1633	1.684
1634	1.684
1635	1.685
1636	1.685
1637	1.685
1638	1.685
1639	1.686
1640	1.686
1641	1.686
1642	1.686
1643	1.687
1644	1.687
1645	1.687
1646	1.687
1647	1.687
1648	1.688
1649	1.688
1650	1.688
1651	1.688
1652	1.688
1653	1.688
1654	1.689
1655	1.689
1656	1.689
1657	1.689
1658	1.689
1659	1.689
1660	1.689
1661	1.689
1662	1.689
1663	1.689
1664	1.690
1665	1.690
1666	1.690
1667	1.690
1668	1.690
1669	1.690
1670	1.690
1671	1.690
1672	1.690
1673	1.690
1674	1.690
1675	1.690
1676	1.690
1677	1.690
1678	1.690
1679	1.690
1680	1.690
1681	1.690
1682	1.690
1683	1.690
1684	1.690
1685	1.690
1686	1.690
1687	1.690
1688	1.690
1689	1.690
1690	1.690
1691	1.690
1692	1.690
1693	1.690
1694	1.690
1695	1.689
1696	1.689
1697	1.689
1698	1.689
1699	1.689
1700	1.689
1701	1.689
1702	1.689
1703	1.689
1704	1.689
1705	1.689
1706	1.689
1707	1.689
1708	1.689
1709	1.689
1710	1.689
1711	1.689
1712	1.689
1713	1.688
1714	1.688
1715	1.688
1716	1.688
1717	1.688
1718	1.688
1719	1.688
1720	1.688
1721	1.688
1722	1.688
1723	1.688
1724	1.688
1725	1.688
1726	1.688
1727	1.688
1728	1.688
1729	1.688
1730	1.688
1731	1.688
1732	1.688
1733	1.688
1734	1.688
1735	1.688
1736	1.689
1737	1.689
1738	1.689
1739	1.689
1740	1.689
1741	1.689
1742	1.689
1743	1.690
1744	1.690
1745	1.690
1746	1.690
1747	1.691
1748	1.691
1749	1.692
1750	1.692
1751	1.692
1752	1.693
1753	1.693
1754	1.694
1755	1.694
1756	1.695
1757	1.696
1758	1.696
1759	1.697
1760	1.697
1761	1.698
1762	1.698
1763	1.699
1764	1.699
1765	1.700
1766	1.701
1767	1.701
1768	1.702
1769	1.702
1770	1.703
1771	1.703
1772	1.704
1773	1.704
1774	1.705
1775	1.706
1776	1.706
1777	1.707
1778	1.707
1779	1.708
1780	1.708
1781	1.709
1782	1.709
1783	1.710
1784	1.710
1785	1.710
1786	1.711
1787	1.711
1788	1.712
1789	1.712
1790	1.713
1791	1.713
1792	1.713
1793	1.714
1794	1.714
1795	1.714
1796	1.715
1797	1.715
1798	1.715
1799	1.715
1800	1.716
1801	1.716
1802	1.716
1803	1.716
1804	1.717
1805	1.717
1806	1.717
1807	1.717
1808	1.717
1809	1.718
1810	1.718
1811	1.718
1812	1.718
1813	1.718
1814	1.718
1815	1.718
1816	1.719
1817	1.719
1818	1.719
1819	1.719
1820	1.719
1821	1.719
1822	1.719
1823	1.719
1824	1.719
1825	1.719
1826	1.719
1827	1.719
1828	1.719
1829	1.719
1830	1.719
1831	1.719
1832	1.719
1833	1.719
1834	1.719
1835	1.719
1836	1.719
1837	1.719
1838	1.719
1839	1.719
1840	1.719
1841	1.719
1842	1.719
1843	1.718
1844	1.718
1845	1.718
1846	1.718
1847	1.718
1848	1.718
1849	1.718
1850	1.718
1851	1.718
1852	1.718
1853	1.717
1854	1.717
1855	1.717
1856	1.717
1857	1.717
1858	1.717
1859	1.716
1860	1.716
1861	1.716
1862	1.716
1863	1.716
1864	1.716
1865	1.715
1866	1.715
1867	1.715
1868	1.715
1869	1.714
1870	1.714
1871	1.714
1872	1.714
1873	1.714
1874	1.713
1875	1.713
1876	1.713
1877	1.713
1878	1.713
1879	1.712
1880	1.712
1881	1.712
1882	1.712
1883	1.711
1884	1.711
1885	1.711
1886	1.711
1887	1.711
1888	1.710
1889	1.710
1890	1.710
1891	1.710
1892	1.709
1893	1.709
1894	1.709
1895	1.709
1896	1.708
1897	1.708
1898	1.708
1899	1.708
1900	1.708
1901	1.707
1902	1.707
1903	1.707
1904	1.707
1905	1.707
1906	1.707
1907	1.707
1908	1.707
1909	1.706
1910	1.706
1911	1.706
1912	1.706
1913	1.706
1914	1.706
1915	1.706
1916	1.706
1917	1.705
1918	1.705
1919	1.705
1920	1.705
1921	1.705
1922	1.705
1923	1.705
1924	1.704
1925	1.704
1926	1.704
1927	1.704
1928	1.704
1929	1.704
1930	1.703
1931	1.703
1932	1.703
1933	1.703
1934	1.703
1935	1.702
1936	1.702
1937	1.702
1938	1.702
1939	1.702
1940	1.702
1941	1.701
1942	1.701
1943	1.701
1944	1.701
1945	1.701
1946	1.701
1947	1.700
1948	1.700
1949	1.700
1950	1.700
1951	1.700

<Unbearbeitete Daten exportiert>
