0	3.764
1	2.950
2	2.950
3	2.950
4	2.950
5	2.949
6	2.949
7	2.948
8	2.948
9	2.948
10	2.947
11	2.947
12	2.947
13	2.946
14	2.946
15	2.946
16	2.945
17	2.945
18	2.945
19	2.945
20	2.944
21	2.944
22	2.944
23	2.944
24	2.944
25	2.944
26	2.943
27	2.943
28	2.943
29	2.943
30	2.943
31	2.971
32	3.059
33	3.061
34	3.063
35	3.064
36	3.066
37	3.067
38	3.069
39	3.070
40	3.072
41	3.073
42	3.074
43	3.075
44	3.076
45	3.077
46	3.078
47	3.080
48	3.081
49	3.082
50	3.083
51	3.084
52	3.085
53	3.085
54	3.086
55	3.087
56	3.087
57	3.088
58	3.088
59	3.088
60	3.089
61	3.089
62	3.089
63	3.090
64	3.090
65	3.090
66	3.090
67	3.090
68	3.090
69	3.090
70	3.089
71	3.089
72	3.089
73	3.090
74	3.089
75	3.089
76	3.089
77	3.089
78	3.089
79	3.089
80	3.089
81	3.088
82	3.088
83	3.088
84	3.088
85	3.088
86	3.088
87	3.088
88	3.088
89	3.087
90	3.087
91	3.087
92	3.087
93	3.087
94	3.087
95	3.087
96	3.087
97	3.087
98	3.087
99	3.087
100	3.086
101	3.086
102	3.086
103	3.086
104	3.085
105	3.085
106	3.085
107	3.085
108	3.085
109	3.085
110	3.085
111	3.085
112	3.085
113	3.085
114	3.085
115	3.086
116	3.086
117	3.086
118	3.087
119	3.088
120	3.088
121	3.089
122	3.089
123	3.090
124	3.091
125	3.092
126	3.093
127	3.094
128	3.096
129	3.097
130	3.099
131	3.100
132	3.102
133	3.104
134	3.107
135	3.109
136	3.111
137	3.114
138	3.116
139	3.119
140	3.121
141	3.124
142	3.127
143	3.130
144	3.133
145	3.136
146	3.139
147	3.142
148	3.145
149	3.148
150	3.151
151	3.155
152	3.158
153	3.161
154	3.164
155	3.168
156	3.171
157	3.174
158	3.177
159	3.180
160	3.183
161	3.186
162	3.189
163	3.191
164	3.194
165	3.196
166	3.198
167	3.201
168	3.203
169	3.205
170	3.207
171	3.209
172	3.211
173	3.212
174	3.214
175	3.215
176	3.217
177	3.218
178	3.219
179	3.220
180	3.221
181	3.222
182	3.223
183	3.223
184	3.224
185	3.224
186	3.225
187	3.225
188	3.226
189	3.226
190	3.226
191	3.226
192	3.226
193	3.226
194	3.226
195	3.226
196	3.226
197	3.226
198	3.225
199	3.225
200	3.225
201	3.224
202	3.224
203	3.223
204	3.223
205	3.222
206	3.222
207	3.221
208	3.221
209	3.220
210	3.219
211	3.219
212	3.218
213	3.218
214	3.217
215	3.216
216	3.216
217	3.215
218	3.214
219	3.213
220	3.212
221	3.211
222	3.211
223	3.210
224	3.209
225	3.208
226	3.207
227	3.207
228	3.206
229	3.205
230	3.204
231	3.203
232	3.202
233	3.201
234	3.201
235	3.200
236	3.199
237	3.198
238	3.197
239	3.196
240	3.195
241	3.194
242	3.193
243	3.192
244	3.191
245	3.190
246	3.189
247	3.188
248	3.187
249	3.186
250	3.185
251	3.184
252	3.183
253	3.182
254	3.181
255	3.180
256	3.179
257	3.178
258	3.177
259	3.176
260	3.175
261	3.173
262	3.172
263	3.171
264	3.170
265	3.169
266	3.168
267	3.167
268	3.166
269	3.165
270	3.163
271	3.162
272	3.161
273	3.160
274	3.159
275	3.158
276	3.157
277	3.156
278	3.155
279	3.154
280	3.153
281	3.152
282	3.151
283	3.150
284	3.149
285	3.148
286	3.147
287	3.146
288	3.145
289	3.144
290	3.143
291	3.142
292	3.141
293	3.140
294	3.139
295	3.138
296	3.137
297	3.136
298	3.135
299	3.134
300	3.133
301	3.132
302	3.131
303	3.130
304	3.129
305	3.128
306	3.127
307	3.126
308	3.125
309	3.124
310	3.123
311	3.122
312	3.121
313	3.120
314	3.119
315	3.119
316	3.118
317	3.117
318	3.116
319	3.115
320	3.114
321	3.113
322	3.112
323	3.112
324	3.111
325	3.110
326	3.109
327	3.108
328	3.108
329	3.107
330	3.106
331	3.105
332	3.105
333	3.104
334	3.104
335	3.103
336	3.102
337	3.101
338	3.101
339	3.100
340	3.100
341	3.099
342	3.098
343	3.098
344	3.097
345	3.097
346	3.096
347	3.096
348	3.095
349	3.094
350	3.094
351	3.093
352	3.093
353	3.092
354	3.091
355	3.091
356	3.090
357	3.089
358	3.089
359	3.088
360	3.088
361	3.087
362	3.087
363	3.086
364	3.085
365	3.085
366	3.084
367	3.083
368	3.083
369	3.082
370	3.081
371	3.081
372	3.080
373	3.079
374	3.079
375	3.078
376	3.078
377	3.077
378	3.076
379	3.076
380	3.075
381	3.074
382	3.074
383	3.073
384	3.073
385	3.072
386	3.072
387	3.071
388	3.071
389	3.070
390	3.070
391	3.069
392	3.068
393	3.068
394	3.067
395	3.067
396	3.066
397	3.066
398	3.065
399	3.065
400	3.064
401	3.063
402	3.063
403	3.062
404	3.062
405	3.061
406	3.060
407	3.060
408	3.059
409	3.058
410	3.058
411	3.057
412	3.056
413	3.056
414	3.055
415	3.054
416	3.054
417	3.053
418	3.053
419	3.052
420	3.051
421	3.051
422	3.050
423	3.049
424	3.049
425	3.048
426	3.048
427	3.047
428	3.046
429	3.046
430	3.045
431	3.045
432	3.044
433	3.044
434	3.043
435	3.042
436	3.042
437	3.041
438	3.041
439	3.040
440	3.039
441	3.039
442	3.038
443	3.038
444	3.037
445	3.037
446	3.036
447	3.036
448	3.035
449	3.035
450	3.034
451	3.033
452	3.033
453	3.032
454	3.032
455	3.031
456	3.031
457	3.030
458	3.030
459	3.029
460	3.029
461	3.028
462	3.028
463	3.027
464	3.027
465	3.026
466	3.026
467	3.025
468	3.025
469	3.024
470	3.024
471	3.023
472	3.022
473	3.022
474	3.021
475	3.021
476	3.020
477	3.020
478	3.019
479	3.019
480	3.018
481	3.018
482	3.017
483	3.017
484	3.017
485	3.016
486	3.016
487	3.015
488	3.015
489	3.014
490	3.014
491	3.013
492	3.013
493	3.012
494	3.012
495	3.011
496	3.011
497	3.010
498	3.010
499	3.009
500	3.009
501	3.008
502	3.008
503	3.007
504	3.007
505	3.007
506	3.006
507	3.006
508	3.005
509	3.005
510	3.004
511	3.004
512	3.003
513	3.003
514	3.002
515	3.002
516	3.001
517	3.001
518	3.001
519	3.000
520	3.000
521	2.999
522	2.999
523	2.998
524	2.998
525	2.998
526	2.997
527	2.997
528	2.996
529	2.996
530	2.996
531	2.995
532	2.995
533	2.994
534	2.994
535	2.993
536	2.993
537	2.993
538	2.992
539	2.992
540	2.991
541	2.991
542	2.991
543	2.990
544	2.990
545	2.989
546	2.989
547	2.989
548	2.988
549	2.988
550	2.987
551	2.987
552	2.987
553	2.986
554	2.986
555	2.986
556	2.986
557	2.985
558	2.985
559	2.985
560	2.984
561	2.984
562	2.984
563	2.984
564	2.983
565	2.983
566	2.983
567	2.983
568	2.983
569	2.982
570	2.982
571	2.982
572	2.982
573	2.982
574	2.982
575	2.982
576	2.982
577	2.982
578	2.982
579	2.982
580	2.982
581	2.982
582	2.983
583	2.983
584	2.983
585	2.983
586	2.983
587	2.984
588	2.984
589	2.984
590	2.984
591	2.984
592	2.985
593	2.985
594	2.985
595	2.986
596	2.986
597	2.986
598	2.986
599	2.987
600	2.987
601	2.987
602	2.988
603	2.988
604	2.988
605	2.989
606	2.989
607	2.989
608	2.990
609	2.990
610	2.990
611	2.991
612	2.991
613	2.992
614	2.992
615	2.993
616	2.993
617	2.994
618	2.994
619	2.994
620	2.995
621	2.995
622	2.995
623	2.996
624	2.996
625	2.996
626	2.996
627	2.997
628	2.997
629	2.997
630	2.997
631	2.998
632	2.998
633	2.998
634	2.998
635	2.999
636	2.999
637	2.999
638	2.999
639	2.999
640	2.999
641	2.999
642	2.999
643	3.000
644	3.000
645	3.000
646	3.000
647	3.000
648	3.000
649	3.000
650	3.000
651	3.000
652	3.000
653	3.000
654	3.000
655	3.000
656	3.000
657	3.000
658	3.000
659	3.001
660	3.001
661	3.001
662	3.001
663	3.001
664	3.001
665	3.002
666	3.002
667	3.002
668	3.003
669	3.003
670	3.004
671	3.004
672	3.005
673	3.005
674	3.006
675	3.007
676	3.008
677	3.008
678	3.009
679	3.010
680	3.011
681	3.012
682	3.013
683	3.013
684	3.014
685	3.015
686	3.016
687	3.017
688	3.018
689	3.019
690	3.020
691	3.021
692	3.022
693	3.023
694	3.024
695	3.025
696	3.026
697	3.028
698	3.029
699	3.030
700	3.031
701	3.032
702	3.033
703	3.033
704	3.034
705	3.035
706	3.036
707	3.037
708	3.038
709	3.039
710	3.040
711	3.041
712	3.042
713	3.042
714	3.043
715	3.044
716	3.045
717	3.046
718	3.046
719	3.047
720	3.048
721	3.048
722	3.049
723	3.049
724	3.050
725	3.050
726	3.051
727	3.051
728	3.051
729	3.052
730	3.052
731	3.053
732	3.053
733	3.053
734	3.053
735	3.054
736	3.054
737	3.054
738	3.054
739	3.055
740	3.055
741	3.055
742	3.055
743	3.055
744	3.055
745	3.055
746	3.055
747	3.055
748	3.055
749	3.055
750	3.055
751	3.055
752	3.055
753	3.055
754	3.055
755	3.055
756	3.055
757	3.055
758	3.054
759	3.054
760	3.054
761	3.054
762	3.054
763	3.053
764	3.053
765	3.053
766	3.053
767	3.053
768	3.052
769	3.052
770	3.052
771	3.051
772	3.051
773	3.051
774	3.050
775	3.050
776	3.050
777	3.050
778	3.049
779	3.049
780	3.049
781	3.048
782	3.048
783	3.048
784	3.048
785	3.047
786	3.047
787	3.047
788	3.046
789	3.046
790	3.046
791	3.045
792	3.045
793	3.045
794	3.044
795	3.044
796	3.044
797	3.044
798	3.043
799	3.043
800	3.043
801	3.043
802	3.042
803	3.042
804	3.042
805	3.041
806	3.041
807	3.041
808	3.041
809	3.040
810	3.040
811	3.040
812	3.039
813	3.039
814	3.039
815	3.039
816	3.038
817	3.038
818	3.038
819	3.038
820	3.037
821	3.037
822	3.037
823	3.037
824	3.036
825	3.036
826	3.036
827	3.036
828	3.035
829	3.035
830	3.035
831	3.035
832	3.035
833	3.034
834	3.034
835	3.034
836	3.034
837	3.033
838	3.033
839	3.033
840	3.032
841	3.032
842	3.032
843	3.032
844	3.031
845	3.031
846	3.031
847	3.030
848	3.030
849	3.030
850	3.030
851	3.029
852	3.029
853	3.029
854	3.028
855	3.028
856	3.028
857	3.027
858	3.027
859	3.027
860	3.027
861	3.026
862	3.026
863	3.025
864	3.025
865	3.025
866	3.024
867	3.024
868	3.024
869	3.023
870	3.023
871	3.023
872	3.022
873	3.022
874	3.021
875	3.021
876	3.021
877	3.020
878	3.020
879	3.020
880	3.019
881	3.019
882	3.019
883	3.018
884	3.018
885	3.018
886	3.017
887	3.017
888	3.017
889	3.016
890	3.016
891	3.016
892	3.015
893	3.015
894	3.015
895	3.015
896	3.014
897	3.014
898	3.014
899	3.014
900	3.013
901	3.013
902	3.013
903	3.013
904	3.013
905	3.013
906	3.013
907	3.013
908	3.013
909	3.013
910	3.013
911	3.013
912	3.013
913	3.013
914	3.013
915	3.014
916	3.014
917	3.014
918	3.014
919	3.015
920	3.015
921	3.015
922	3.015
923	3.016
924	3.016
925	3.016
926	3.017
927	3.017
928	3.017
929	3.018
930	3.018
931	3.019
932	3.019
933	3.019
934	3.020
935	3.020
936	3.021
937	3.021
938	3.021
939	3.022
940	3.022
941	3.023
942	3.023
943	3.024
944	3.024
945	3.024
946	3.025
947	3.025
948	3.026
949	3.026
950	3.026
951	3.027
952	3.027
953	3.027
954	3.028
955	3.028
956	3.028
957	3.029
958	3.029
959	3.029
960	3.029
961	3.030
962	3.030
963	3.030
964	3.030
965	3.030
966	3.031
967	3.031
968	3.031
969	3.031
970	3.031
971	3.031
972	3.031
973	3.031
974	3.031
975	3.031
976	3.031
977	3.031
978	3.031
979	3.031
980	3.031
981	3.031
982	3.031
983	3.031
984	3.031
985	3.031
986	3.031
987	3.031
988	3.031
989	3.031
990	3.030
991	3.030
992	3.030
993	3.030
994	3.030
995	3.029
996	3.029
997	3.029
998	3.029
999	3.028
1000	3.028
1001	3.028
1002	3.027
1003	3.027
1004	3.027
1005	3.027
1006	3.026
1007	3.026
1008	3.026
1009	3.026
1010	3.025
1011	3.025
1012	3.025
1013	3.025
1014	3.024
1015	3.024
1016	3.024
1017	3.024
1018	3.024
1019	3.024
1020	3.023
1021	3.023
1022	3.023
1023	3.023
1024	3.023
1025	3.023
1026	3.023
1027	3.023
1028	3.023
1029	3.023
1030	3.023
1031	3.023
1032	3.023
1033	3.023
1034	3.023
1035	3.022
1036	3.023
1037	3.022
1038	3.022
1039	3.022
1040	3.022
1041	3.022
1042	3.022
1043	3.022
1044	3.022
1045	3.022
1046	3.021
1047	3.021
1048	3.021
1049	3.021
1050	3.021
1051	3.021
1052	3.020
1053	3.020
1054	3.020
1055	3.020
1056	3.020
1057	3.020
1058	3.020
1059	3.019
1060	3.019
1061	3.019
1062	3.019
1063	3.019
1064	3.019
1065	3.018
1066	3.018
1067	3.018
1068	3.018
1069	3.018
1070	3.017
1071	3.017
1072	3.017
1073	3.017
1074	3.016
1075	3.016
1076	3.016
1077	3.016
1078	3.015
1079	3.015
1080	3.015
1081	3.014
1082	3.014
1083	3.014
1084	3.014
1085	3.013
1086	3.013
1087	3.013
1088	3.012
1089	3.012
1090	3.012
1091	3.011
1092	3.011
1093	3.011
1094	3.010
1095	3.010
1096	3.010
1097	3.009
1098	3.009
1099	3.009
1100	3.008
1101	3.008
1102	3.008
1103	3.007
1104	3.007
1105	3.007
1106	3.006
1107	3.006
1108	3.005
1109	3.005
1110	3.005
1111	3.004
1112	3.004
1113	3.003
1114	3.003
1115	3.003
1116	3.002
1117	3.002
1118	3.001
1119	3.001
1120	3.001
1121	3.000
1122	3.000
1123	3.000
1124	2.999
1125	2.999
1126	2.998
1127	2.998
1128	2.998
1129	2.997
1130	2.997
1131	2.997
1132	2.996
1133	2.996
1134	2.996
1135	2.995
1136	2.995
1137	2.995
1138	2.994
1139	2.994
1140	2.994
1141	2.993
1142	2.993
1143	2.993
1144	2.992
1145	2.992
1146	2.992
1147	2.991
1148	2.991
1149	2.990
1150	2.990
1151	2.990
1152	2.989
1153	2.989
1154	2.989
1155	2.988
1156	2.988
1157	2.987
1158	2.987
1159	2.987
1160	2.986
1161	2.986
1162	2.986
1163	2.985
1164	2.985
1165	2.985
1166	2.984
1167	2.984
1168	2.984
1169	2.983
1170	2.983
1171	2.983
1172	2.982
1173	2.982
1174	2.981
1175	2.981
1176	2.981
1177	2.980
1178	2.980
1179	2.980
1180	2.979
1181	2.979
1182	2.979
1183	2.978
1184	2.978
1185	2.978
1186	2.977
1187	2.977
1188	2.976
1189	2.976
1190	2.976
1191	2.976
1192	2.975
1193	2.975
1194	2.975
1195	2.974
1196	2.974
1197	2.974
1198	2.973
1199	2.973
1200	2.973
1201	2.972
1202	2.972
1203	2.971
1204	2.971
1205	2.971
1206	2.970
1207	2.970
1208	2.970
1209	2.969
1210	2.969
1211	2.968
1212	2.968
1213	2.968
1214	2.967
1215	2.967
1216	2.967
1217	2.966
1218	2.966
1219	2.965
1220	2.965
1221	2.965
1222	2.964
1223	2.964
1224	2.964
1225	2.963
1226	2.963
1227	2.963
1228	2.962
1229	2.962
1230	2.962
1231	2.961
1232	2.961
1233	2.961
1234	2.960
1235	2.960
1236	2.959
1237	2.959
1238	2.959
1239	2.958
1240	2.958
1241	2.958
1242	2.957
1243	2.957
1244	2.956
1245	2.956
1246	2.956
1247	2.956
1248	2.955
1249	2.955
1250	2.955
1251	2.954
1252	2.954
1253	2.954
1254	2.953
1255	2.953
1256	2.953
1257	2.953
1258	2.952
1259	2.952
1260	2.952
1261	2.951
1262	2.951
1263	2.951
1264	2.951
1265	2.951
1266	2.950
1267	2.950
1268	2.950
1269	2.950
1270	2.950
1271	2.949
1272	2.949
1273	2.949
1274	2.949
1275	2.949
1276	2.949
1277	2.949
1278	2.949
1279	2.949
1280	2.949
1281	2.949
1282	2.949
1283	2.949
1284	2.949
1285	2.949
1286	2.949
1287	2.949
1288	2.949
1289	2.949
1290	2.950
1291	2.950
1292	2.950
1293	2.950
1294	2.950
1295	2.950
1296	2.950
1297	2.951
1298	2.951
1299	2.951
1300	2.951
1301	2.951
1302	2.952
1303	2.952
1304	2.952
1305	2.952
1306	2.953
1307	2.953
1308	2.953
1309	2.953
1310	2.954
1311	2.954
1312	2.954
1313	2.954
1314	2.955
1315	2.955
1316	2.955
1317	2.955
1318	2.955
1319	2.956
1320	2.956
1321	2.956
1322	2.956
1323	2.956
1324	2.957
1325	2.957
1326	2.957
1327	2.957
1328	2.957
1329	2.957
1330	2.958
1331	2.958
1332	2.958
1333	2.958
1334	2.958
1335	2.958
1336	2.959
1337	2.959
1338	2.959
1339	2.959
1340	2.959
1341	2.959
1342	2.959
1343	2.959
1344	2.959
1345	2.959
1346	2.959
1347	2.959
1348	2.959
1349	2.959
1350	2.959
1351	2.960
1352	2.960
1353	2.960
1354	2.960
1355	2.960
1356	2.960
1357	2.960
1358	2.960
1359	2.960
1360	2.959
1361	2.959
1362	2.959
1363	2.959
1364	2.959
1365	2.959
1366	2.959
1367	2.959
1368	2.959
1369	2.959
1370	2.959
1371	2.959
1372	2.958
1373	2.958
1374	2.958
1375	2.958
1376	2.958
1377	2.958
1378	2.957
1379	2.957
1380	2.957
1381	2.957
1382	2.957
1383	2.957
1384	2.956
1385	2.956
1386	2.956
1387	2.956
1388	2.956
1389	2.955
1390	2.955
1391	2.955
1392	2.955
1393	2.954
1394	2.954
1395	2.954
1396	2.954
1397	2.954
1398	2.953
1399	2.953
1400	2.953
1401	2.953
1402	2.953
1403	2.952
1404	2.952
1405	2.952
1406	2.952
1407	2.952
1408	2.952
1409	2.951
1410	2.951
1411	2.951
1412	2.951
1413	2.951
1414	2.951
1415	2.950
1416	2.950
1417	2.950
1418	2.950
1419	2.949
1420	2.949
1421	2.949
1422	2.949
1423	2.948
1424	2.948
1425	2.948
1426	2.948
1427	2.948
1428	2.947
1429	2.947
1430	2.947
1431	2.947
1432	2.946
1433	2.946
1434	2.946
1435	2.946
1436	2.946
1437	2.945
1438	2.945
1439	2.945
1440	2.945
1441	2.945
1442	2.945
1443	2.944
1444	2.944
1445	2.944
1446	2.944
1447	2.944
1448	2.943
1449	2.943
1450	2.943
1451	2.943
1452	2.943
1453	2.942
1454	2.942
1455	2.942
1456	2.942
1457	2.942
1458	2.942
1459	2.941
1460	2.941
1461	2.941
1462	2.941
1463	2.941
1464	2.940
1465	2.940
1466	2.940
1467	2.940
1468	2.940
1469	2.940
1470	2.939
1471	2.939
1472	2.939
1473	2.939
1474	2.939
1475	2.939
1476	2.939
1477	2.938
1478	2.938
1479	2.938
1480	2.938
1481	2.938
1482	2.938
1483	2.938
1484	2.938
1485	2.938
1486	2.938
1487	2.937
1488	2.937
1489	2.937
1490	2.937
1491	2.937
1492	2.937
1493	2.937
1494	2.937
1495	2.938
1496	2.938
1497	2.938
1498	2.938
1499	2.938
1500	2.938
1501	2.938
1502	2.938
1503	2.938
1504	2.939
1505	2.939
1506	2.939
1507	2.939
1508	2.939
1509	2.940
1510	2.940
1511	2.940
1512	2.940
1513	2.941
1514	2.941
1515	2.941
1516	2.941
1517	2.941
1518	2.942
1519	2.942
1520	2.942
1521	2.943
1522	2.943
1523	2.943
1524	2.944
1525	2.944
1526	2.944
1527	2.944
1528	2.945
1529	2.945
1530	2.945
1531	2.946
1532	2.946
1533	2.946
1534	2.947
1535	2.947
1536	2.947
1537	2.947
1538	2.947
1539	2.947
1540	2.948
1541	2.948
1542	2.948
1543	2.948
1544	2.948
1545	2.949
1546	2.949
1547	2.949
1548	2.949
1549	2.949
1550	2.949
1551	2.949
1552	2.950
1553	2.950
1554	2.950
1555	2.950
1556	2.950
1557	2.950
1558	2.950
1559	2.950
1560	2.950
1561	2.950
1562	2.950
1563	2.950
1564	2.950
1565	2.951
1566	2.950
1567	2.951
1568	2.950
1569	2.950
1570	2.951
1571	2.951
1572	2.950
1573	2.951
1574	2.951
1575	2.951
1576	2.951
1577	2.951
1578	2.951
1579	2.951
1580	2.951
1581	2.951
1582	2.951
1583	2.952
1584	2.952
1585	2.952
1586	2.953
1587	2.953
1588	2.954
1589	2.954
1590	2.955
1591	2.956
1592	2.956
1593	2.957
1594	2.958
1595	2.959
1596	2.960
1597	2.961
1598	2.963
1599	2.964
1600	2.966
1601	2.967
1602	2.969
1603	2.970
1604	2.972
1605	2.974
1606	2.976
1607	2.978
1608	2.980
1609	2.982
1610	2.984
1611	2.986
1612	2.988
1613	2.990
1614	2.993
1615	2.995
1616	2.997
1617	3.000
1618	3.002
1619	3.004
1620	3.007
1621	3.009
1622	3.011
1623	3.014
1624	3.016
1625	3.018
1626	3.021
1627	3.023
1628	3.025
1629	3.027
1630	3.030
1631	3.032
1632	3.034
1633	3.036
1634	3.038
1635	3.040
1636	3.042
1637	3.044
1638	3.046
1639	3.048
1640	3.050
1641	3.052
1642	3.053
1643	3.055
1644	3.057
1645	3.059
1646	3.060
1647	3.062
1648	3.063
1649	3.065
1650	3.066
1651	3.068
1652	3.069
1653	3.071
1654	3.072
1655	3.073
1656	3.075
1657	3.076
1658	3.077
1659	3.078
1660	3.079
1661	3.080
1662	3.081
1663	3.082
1664	3.083
1665	3.084
1666	3.085
1667	3.086
1668	3.087
1669	3.088
1670	3.088
1671	3.089
1672	3.090
1673	3.090
1674	3.091
1675	3.091
1676	3.092
1677	3.092
1678	3.093
1679	3.093
1680	3.093
1681	3.094
1682	3.094
1683	3.095
1684	3.095
1685	3.095
1686	3.096
1687	3.096
1688	3.096
1689	3.096
1690	3.097
1691	3.097
1692	3.097
1693	3.098
1694	3.098
1695	3.098
1696	3.099
1697	3.099
1698	3.100
1699	3.100
1700	3.101
1701	3.101
1702	3.102
1703	3.102
1704	3.103
1705	3.103
1706	3.104
1707	3.104
1708	3.105
1709	3.105
1710	3.106
1711	3.106
1712	3.107
1713	3.108
1714	3.108
1715	3.109
1716	3.109
1717	3.110
1718	3.111
1719	3.112
1720	3.112
1721	3.113
1722	3.114
1723	3.115
1724	3.116
1725	3.116
1726	3.117
1727	3.118
1728	3.119
1729	3.120
1730	3.121
1731	3.122
1732	3.123
1733	3.124
1734	3.125
1735	3.126
1736	3.128
1737	3.130
1738	3.133
1739	3.135
1740	3.138
1741	3.140
1742	3.143
1743	3.145
1744	3.148
1745	3.151
1746	3.153
1747	3.156
1748	3.158
1749	3.160
1750	3.163
1751	3.165
1752	3.167
1753	3.170
1754	3.172
1755	3.174
1756	3.176
1757	3.178
1758	3.180
1759	3.182
1760	3.184
1761	3.186
1762	3.187
1763	3.189
1764	3.191
1765	3.192
1766	3.194
1767	3.195
1768	3.196
1769	3.198
1770	3.199
1771	3.200
1772	3.201
1773	3.202
1774	3.203
1775	3.204
1776	3.205
1777	3.206
1778	3.207
1779	3.208
1780	3.209
1781	3.209
1782	3.210
1783	3.211
1784	3.211
1785	3.212
1786	3.212
1787	3.212
1788	3.213
1789	3.213
1790	3.214
1791	3.214
1792	3.214
1793	3.214
1794	3.215
1795	3.215
1796	3.215
1797	3.215
1798	3.215
1799	3.216
1800	3.216
1801	3.216
1802	3.216
1803	3.216
1804	3.216
1805	3.216
1806	3.216
1807	3.215
1808	3.215
1809	3.215
1810	3.215
1811	3.215
1812	3.215
1813	3.215
1814	3.215
1815	3.215
1816	3.214
1817	3.214
1818	3.214
1819	3.214
1820	3.214
1821	3.213
1822	3.213
1823	3.213
1824	3.213
1825	3.213
1826	3.213
1827	3.213
1828	3.213
1829	3.213
1830	3.213
1831	3.213
1832	3.213
1833	3.213
1834	3.213
1835	3.214
1836	3.214
1837	3.214
1838	3.214
1839	3.214
1840	3.214
1841	3.214
1842	3.214
1843	3.214
1844	3.215
1845	3.215
1846	3.215
1847	3.215
1848	3.216
1849	3.216
1850	3.216
1851	3.216
1852	3.216
1853	3.217
1854	3.216
1855	3.217
1856	3.217
1857	3.217
1858	3.217
1859	3.217
1860	3.217
1861	3.217
1862	3.217
1863	3.217
1864	3.218
1865	3.218
1866	3.218
1867	3.218
1868	3.218
1869	3.218
1870	3.218
1871	3.218
1872	3.218
1873	3.218
1874	3.218
1875	3.218
1876	3.218
1877	3.218
1878	3.218
1879	3.219
1880	3.219
1881	3.219
1882	3.220
1883	3.220
1884	3.221
1885	3.221
1886	3.222
1887	3.223
1888	3.224
1889	3.225
1890	3.226
1891	3.227
1892	3.229
1893	3.231
1894	3.232
1895	3.234
1896	3.237
1897	3.239
1898	3.242
1899	3.244
1900	3.247
1901	3.250
1902	3.254
1903	3.257
1904	3.261
1905	3.265
1906	3.269
1907	3.272
1908	3.277
1909	3.281
1910	3.285
1911	3.289
1912	3.294
1913	3.298
1914	3.303
1915	3.307
1916	3.311
1917	3.316
1918	3.320
1919	3.325
1920	3.330
1921	3.334
1922	3.339
1923	3.343
1924	3.347
1925	3.352
1926	3.356
1927	3.360
1928	3.364
1929	3.368
1930	3.372
1931	3.375
1932	3.379
1933	3.383
1934	3.386
1935	3.389
1936	3.393
1937	3.396
1938	3.399
1939	3.403
1940	3.406
1941	3.410
1942	3.414
1943	3.417
1944	3.421
1945	3.425
1946	3.428
1947	3.432
1948	3.436
1949	3.441
1950	3.445
1951	3.450
1952	3.454
1953	3.459
1954	3.464
1955	3.468
1956	3.473
1957	3.478
1958	3.483
1959	3.489
1960	3.494
1961	3.499
1962	3.505
1963	3.511
1964	3.516
1965	3.522
1966	3.528
1967	3.533
1968	3.539
1969	3.545
1970	3.550
1971	3.556
1972	3.561
1973	3.566
1974	3.572
1975	3.577
1976	3.583
1977	3.588
1978	3.593
1979	3.598
1980	3.603
1981	3.607
1982	3.612
1983	3.616
1984	3.621
1985	3.625
1986	3.629
1987	3.632
1988	3.636
1989	3.639
1990	3.642
1991	3.646
1992	3.648
1993	3.651
1994	3.654
1995	3.656
1996	3.659
1997	3.661
1998	3.663
1999	3.664
2000	3.666
2001	3.667
2002	3.669
2003	3.670
2004	3.671
2005	3.672
2006	3.673
2007	3.673
2008	3.674
2009	3.674
2010	3.675
2011	3.675
2012	3.675
2013	3.675
2014	3.675
2015	3.674
2016	3.674
2017	3.673
2018	3.672
2019	3.672
2020	3.671
2021	3.670
2022	3.669
2023	3.667
2024	3.666
2025	3.665
2026	3.663
2027	3.662
2028	3.660
2029	3.658
2030	3.656
2031	3.654
2032	3.652
2033	3.650
2034	3.648
2035	3.646
2036	3.643
2037	3.641
2038	3.639
2039	3.636
2040	3.634
2041	3.631
2042	3.629
2043	3.626
2044	3.624
2045	3.621
2046	3.618
2047	3.615
2048	3.613
2049	3.610
2050	3.607
2051	3.604
2052	3.601
2053	3.599
2054	3.596
2055	3.593
2056	3.590
2057	3.588
2058	3.585
2059	3.582
2060	3.580
2061	3.578
2062	3.575
2063	3.573
2064	3.571
2065	3.569
2066	3.567
2067	3.565
2068	3.563
2069	3.561
2070	3.559
2071	3.557
2072	3.556
2073	3.554
2074	3.553
2075	3.551
2076	3.549
2077	3.548
2078	3.547
2079	3.545
2080	3.544
2081	3.543
2082	3.541
2083	3.540
2084	3.539
2085	3.538
2086	3.537
2087	3.535
2088	3.534
2089	3.533
2090	3.532
2091	3.531
2092	3.530
2093	3.529
2094	3.528
2095	3.527
2096	3.526
2097	3.525
2098	3.524
2099	3.523
2100	3.522
2101	3.521
2102	3.520
2103	3.519
2104	3.518
2105	3.517
2106	3.516
2107	3.514
2108	3.514
2109	3.513
2110	3.512
2111	3.511
2112	3.510
2113	3.509
2114	3.508
2115	3.507
2116	3.505
2117	3.504
2118	3.503
2119	3.502
2120	3.501
2121	3.500
2122	3.499
2123	3.498
2124	3.497
2125	3.495
2126	3.494
2127	3.493
2128	3.492
2129	3.490
2130	3.489
2131	3.488
2132	3.486
2133	3.485
2134	3.484
2135	3.482
2136	3.481
2137	3.479
2138	3.478
2139	3.476
2140	3.475
2141	3.473
2142	3.472
2143	3.471
2144	3.469
2145	3.467
2146	3.466
2147	3.464
2148	3.463
2149	3.462
2150	3.460
2151	3.458
2152	3.457
2153	3.456
2154	3.454
2155	3.452
2156	3.451
2157	3.449
2158	3.448
2159	3.446
2160	3.445
2161	3.444
2162	3.442
2163	3.441
2164	3.439
2165	3.438
2166	3.437
2167	3.435
2168	3.434
2169	3.432
2170	3.431
2171	3.430
2172	3.428
2173	3.427
2174	3.426
2175	3.424
2176	3.423
2177	3.422
2178	3.421
2179	3.420
2180	3.418
2181	3.417
2182	3.416
2183	3.415
2184	3.415
2185	3.414
2186	3.413
2187	3.412
2188	3.412
2189	3.411
2190	3.410
2191	3.410
2192	3.409
2193	3.409
2194	3.408
2195	3.408
2196	3.408
2197	3.407
2198	3.407
2199	3.407
2200	3.406
2201	3.406
2202	3.406
2203	3.406
2204	3.406
2205	3.406
2206	3.406
2207	3.406
2208	3.406
2209	3.406
2210	3.406
2211	3.406
2212	3.407
2213	3.407
2214	3.407
2215	3.407
2216	3.407
2217	3.407
2218	3.407
2219	3.407
2220	3.407
2221	3.407
2222	3.407
2223	3.407
2224	3.407
2225	3.407
2226	3.407
2227	3.407
2228	3.407
2229	3.407
2230	3.407
2231	3.407
2232	3.407
2233	3.407
2234	3.406
2235	3.406
2236	3.406
2237	3.406
2238	3.405
2239	3.405
2240	3.405
2241	3.405
2242	3.404
2243	3.404
2244	3.403
2245	3.403
2246	3.403
2247	3.402
2248	3.402
2249	3.401
2250	3.401
2251	3.400
2252	3.400
2253	3.399
2254	3.399
2255	3.398
2256	3.398
2257	3.397
2258	3.397
2259	3.396
2260	3.396
2261	3.395
2262	3.395
2263	3.394
2264	3.394
2265	3.393
2266	3.392
2267	3.392
2268	3.391
2269	3.391
2270	3.390
2271	3.390
2272	3.390
2273	3.389
2274	3.389
2275	3.388
2276	3.388
2277	3.388
2278	3.387
2279	3.387
2280	3.386
2281	3.386
2282	3.386
2283	3.385
2284	3.385
2285	3.384
2286	3.384
2287	3.384
2288	3.383
2289	3.383
2290	3.382
2291	3.382
2292	3.381
2293	3.381
2294	3.381
2295	3.380
2296	3.380
2297	3.379
2298	3.379
2299	3.378
2300	3.378
2301	3.377
2302	3.377
2303	3.377
2304	3.376
2305	3.376
2306	3.375
2307	3.375
2308	3.374
2309	3.374
2310	3.373
2311	3.373
2312	3.373
2313	3.372
2314	3.372
2315	3.371
2316	3.371
2317	3.370
2318	3.370
2319	3.369
2320	3.368
2321	3.368
2322	3.367
2323	3.367
2324	3.366
2325	3.366
2326	3.365
2327	3.364
2328	3.364
2329	3.363
2330	3.363
2331	3.362
2332	3.361
2333	3.361
2334	3.360
2335	3.359
2336	3.359
2337	3.358
2338	3.358
2339	3.357
2340	3.356
2341	3.356
2342	3.355
2343	3.354
2344	3.353
2345	3.353
2346	3.352
2347	3.351
2348	3.351
2349	3.350
2350	3.349
2351	3.348
2352	3.348
2353	3.347
2354	3.346
2355	3.345
2356	3.344
2357	3.344
2358	3.343
2359	3.342
2360	3.341
2361	3.340
2362	3.339
2363	3.338
2364	3.338
2365	3.337
2366	3.336
2367	3.335
2368	3.334
2369	3.333
2370	3.332
2371	3.331
2372	3.331
2373	3.330
2374	3.329
2375	3.328
2376	3.327
2377	3.326
2378	3.325
2379	3.324
2380	3.324
2381	3.323
2382	3.322
2383	3.321
2384	3.320
2385	3.319
2386	3.319
2387	3.318
2388	3.317
2389	3.316
2390	3.315
2391	3.314
2392	3.314
2393	3.313
2394	3.312
2395	3.311
2396	3.311
2397	3.310
2398	3.309
2399	3.308
2400	3.308
2401	3.307
2402	3.306
2403	3.305
2404	3.304
2405	3.304
2406	3.303
2407	3.302
2408	3.301
2409	3.301
2410	3.300
2411	3.299
2412	3.298
2413	3.298
2414	3.297
2415	3.296
2416	3.295
2417	3.295
2418	3.294
2419	3.293
2420	3.293
2421	3.292
2422	3.291
2423	3.290
2424	3.290
2425	3.289
2426	3.288
2427	3.288
2428	3.287
2429	3.286
2430	3.286
2431	3.285
2432	3.284
2433	3.284
2434	3.283
2435	3.282
2436	3.282
2437	3.281
2438	3.281
2439	3.280
2440	3.279
2441	3.279
2442	3.278
2443	3.278
2444	3.277
2445	3.276
2446	3.276
2447	3.275
2448	3.275
2449	3.274
2450	3.273
2451	3.273
2452	3.272
2453	3.272
2454	3.271
2455	3.271
2456	3.270
2457	3.270
2458	3.269
2459	3.269
2460	3.268
2461	3.268
2462	3.267
2463	3.267
2464	3.266
2465	3.265
2466	3.265
2467	3.265
2468	3.264
2469	3.264
2470	3.263
2471	3.262
2472	3.262
2473	3.262
2474	3.261
2475	3.261
2476	3.260
2477	3.260
2478	3.259
2479	3.259
2480	3.258
2481	3.258
2482	3.257
2483	3.257
2484	3.257
2485	3.256
2486	3.256
2487	3.255
2488	3.255
2489	3.254
2490	3.254
2491	3.254
2492	3.253
2493	3.253
2494	3.252
2495	3.252
2496	3.251
2497	3.251
2498	3.251
2499	3.250
2500	3.250
2501	3.249
2502	3.249
2503	3.249
2504	3.248
2505	3.248
2506	3.247
2507	3.247
2508	3.246
2509	3.246
2510	3.246
2511	3.245
2512	3.245
2513	3.244
2514	3.244
2515	3.244
2516	3.243
2517	3.243
2518	3.243
2519	3.242
2520	3.242
2521	3.241
2522	3.241
2523	3.241
2524	3.240
2525	3.240
2526	3.240
2527	3.239
2528	3.239
2529	3.238
2530	3.238
2531	3.237
2532	3.237
2533	3.237
2534	3.236
2535	3.236
2536	3.235
2537	3.235
2538	3.235
2539	3.234
2540	3.234
2541	3.233
2542	3.232
2543	3.232
2544	3.232
2545	3.231
2546	3.231
2547	3.230
2548	3.230
2549	3.229
2550	3.229
2551	3.229
2552	3.228
2553	3.228
2554	3.227
2555	3.227
2556	3.226
2557	3.226
2558	3.225
2559	3.225
2560	3.225
2561	3.224
2562	3.224
2563	3.223
2564	3.223
2565	3.222
2566	3.222
2567	3.221
2568	3.221
2569	3.220
2570	3.220
2571	3.219
2572	3.219
2573	3.219
2574	3.218
2575	3.218
2576	3.217
2577	3.217
2578	3.216
2579	3.216
2580	3.215
2581	3.215
2582	3.214
2583	3.214
2584	3.213
2585	3.213
2586	3.213
2587	3.212
2588	3.212
2589	3.211
2590	3.211
2591	3.210
2592	3.210
2593	3.210
2594	3.209
2595	3.209
2596	3.208
2597	3.207
2598	3.207
2599	3.207
2600	3.206
2601	3.206
2602	3.205
2603	3.205
2604	3.204
2605	3.204
2606	3.203
2607	3.203
2608	3.202
2609	3.202
2610	3.201
2611	3.201
2612	3.200
2613	3.200
2614	3.199
2615	3.199
2616	3.199
2617	3.198
2618	3.198
2619	3.197
2620	3.197
2621	3.196
2622	3.196
2623	3.195
2624	3.195
2625	3.194
2626	3.193
2627	3.193
2628	3.193
2629	3.192
2630	3.192
2631	3.191
2632	3.191
2633	3.190
2634	3.190
2635	3.189
2636	3.189
2637	3.188
2638	3.188
2639	3.187
2640	3.187
2641	3.186
2642	3.186
2643	3.185
2644	3.184
2645	3.183
2646	3.183
2647	3.182
2648	3.182
2649	3.181
2650	3.181
2651	3.180
2652	3.180
2653	3.179
2654	3.179
2655	3.179
2656	3.178
2657	3.178
2658	3.177
2659	3.177
2660	3.176
2661	3.176
2662	3.176
2663	3.175
2664	3.175
2665	3.175
2666	3.175
2667	3.175
2668	3.175
2669	3.175
2670	3.175
2671	3.176
2672	3.176
2673	3.176
2674	3.177
2675	3.177
2676	3.177
2677	3.178
2678	3.178
2679	3.179
2680	3.180
2681	3.181
2682	3.182
2683	3.183
2684	3.184
2685	3.184
2686	3.185
2687	3.186
2688	3.186
2689	3.187
2690	3.188
2691	3.188
2692	3.189
2693	3.190
2694	3.191
2695	3.192
2696	3.192
2697	3.193
2698	3.194
2699	3.195
2700	3.195
2701	3.196
2702	3.197
2703	3.198
2704	3.198
2705	3.199
2706	3.199
2707	3.200
2708	3.200
2709	3.201
2710	3.202
2711	3.202
2712	3.203
2713	3.203
2714	3.204
2715	3.204
2716	3.205
2717	3.205
2718	3.206
2719	3.206
2720	3.207
2721	3.207
2722	3.208
2723	6.329
2724	232.558
2725	232.558
2726	232.558
2727	232.558
2728	232.558
2729	232.558
2730	232.558
2731	232.558
2732	232.558
2733	232.558
2734	232.558
2735	232.558
2736	232.558
2737	232.558
2738	232.558
2739	232.558
2740	232.558
2741	232.558
2742	232.558
2743	232.558
2744	232.558
2745	232.558
2746	232.558
2747	232.558
2748	232.558
2749	232.558
2750	232.558
2751	232.558